-0.052024826
0.027392132
0.3166879
-0.26097068
-0.026218407
0.35881904
-0.6487435
0.020710146
0.5928059
-0.19506426
0.16147429
0.22847691
0.27498576
-0.40817028
-0.3567499
-0.39976513
0.35298708
0.3271509
1.0896435
0.13422447
-0.5087353
0.49809393
0.40370455
-0.065073304
0.150196
-0.9127443
0.07537508
-0.4381895
0.30249244
0.3728484
0.01749422
-1.3832003
0.7004343
0.028783236
-0.7044147
0.28320843
0.016934305
0.858382
-0.35495284
-0.113625474
-0.70611846
-0.2284814
-0.093724065
0.96884745
0.22886465
-0.21693955
0.4407287
0.18053775
-0.71703106
0.14973105
-0.01137665
0.10366375
-0.561559
0.09553393
-0.80228615
0.73530114
-0.17045331
-0.3211978
-0.20598555
0.1970355
0.3132359
0.5315305
-0.43819645
0.33256888
0.18254596
-0.52118117
-0.40155733
-0.14259753
0.27752668
-0.22488329
0.8683596
-0.56450725
-0.19509357
0.4199155
-0.51189613
-0.6368997
-0.45030332
-0.068133585
0.2337154
0.84230286
0.10921156
-0.26401445
-0.5941419
-0.54428554
-0.03714491
0.06459958
-1.1669731
0.25241056
0.62307304
0.20350552
0.41864482
-0.026797477
0.17843373
0.5760855
-0.98063827
0.639065
-0.37938145
0.3763035
0.16354455
-1.1314718
0.6060167
-0.55757517
0.36788547
0.15043142
0.084960125
0.32410276
-0.9183243
0.28671956
-0.004160814
-0.4991999
0.20243871
0.7839567
0.10155728
-0.77118975
0.6370585
-0.57140696
-0.048358705
0.58106536
0.43397918
0.5111194
0.41635627
0.50008243
-0.6731176
0.5377287
0.25838697
-0.45671332
0.3874249
-0.9116661
0.20943834
0.3690755
0.3912217
0.2709643
0.23144276
-0.13751937
0.11769455
0.7934727
0.54303753
0.44012314
-0.5397584
-0.08556801
0.41292962
-0.04365983
-0.017806852
-0.0031776729
0.18204394
0.3293426
-0.08328717
-0.26141894
-0.26485127
0.2471907
-0.17986344
0.4190023
0.001303221
-0.067803256
-0.11573936
0.10455963
-0.45513862
0.23308596
0.37197995
0.28521502
-0.35584933
0.19784881
0.6291166
-0.17920773
0.8615256
-0.48756132
-0.50813055
0.22626588
0.19775711
-0.36658737
0.6237471
-0.45050097
0.7791023
0.602441
-0.48282778
-0.1837857
0.44869733
0.24874836
-0.348885
0.40832213
-0.27997434
-0.54397845
-0.3955572
-0.78484297
-0.34975305
-0.58123714
0.31631252
-0.5420447
0.4221947
-0.03166856
0.4491751
-0.81386995
-0.726429
-0.13075542
-0.1476827
-0.9157069
0.0460144
-0.30460867
-0.19589707
-0.1726322
-0.89475036
0.12126927
0.0145323565
-0.17531934
0.016680945
0.5738538
-0.046214767
-0.78723395
0.20275111
0.37791482
0.21317999
-0.49081233
-0.14756833
-0.13563143
-0.21873061
0.19634971
-0.072755985
-0.24712531
-0.07837277
-0.2628242
0.2304417
-0.65460956
0.98074263
-0.27400744
-0.21094996
-0.45770407
-0.16144598
0.37792104
0.81400394
-0.63490236
0.0069666845
0.22496545
-1.4506582
0.18576504
0.50907284
-0.45435974
-0.40993345
-0.21443631
0.5736509
0.052043054
-0.6945079
0.36834413
-0.95707816
0.31509945
0.40113255
0.5180829
-0.547699
-0.13072373
0.33347476
0.052894376
0.4905109
0.1708296
0.28719187
-0.22064187
0.312757
0.15277347
0.4745515
0.80894744
0.15565875
0.15169653
0.50997794
0.39061627
0.36453053
0.09371017
-0.6389793
0.6604771
-0.30393124
-0.1572541
0.35415807
-0.23358993
0.60325694
-0.4055957
0.08976559
0.34904712
-1.055365
0.51521
0.24220568
0.08955374
0.2298983
-0.027025526
0.74453914
-0.6985277
0.62554246
0.25724483
0.08572637
-0.32687563
-0.0992346
-0.79025036
0.39537522
0.48477963
-0.28523114
-0.22696346
0.424613
-0.78566366
0.37618288
-0.7916234
0.29889268
0.14079507
-0.43139836
0.34892228
-0.23346736
-0.7257226
0.70439285
-0.3841767
0.32729208
0.37590063
0.25028294
-0.39942908
0.7900491
0.12303198
0.28004727
0.61542904
0.17303336
0.056931604
-0.739145
-0.36253002
-0.056129344
-0.5560348
-0.1908559
0.47808242
-0.28397706
0.26795417
-0.07827011
-0.3615158
-0.5749227
0.43468753
-0.6066462
-0.3120179
0.2066259
0.24132562
-0.05417323
0.590357
-0.38170373
-0.5813868
0.28091976
0.04417192
-0.25321063
-0.008050525
0.6862809
-0.02456455
-0.32117411
0.84253377
0.07454191
0.059924647
-0.7653226
-0.5722381
0.24182674
-0.038489114
0.22310194
-0.48821595
0.3148263
0.580299
-0.3550964
0.7906328
-0.35785505
-0.2179287
0.108956546
0.6869936
-0.8738217
0.4868511
0.17214848
0.40785125
0.30268106
-0.117674775
0.053851884
0.36299813
-0.28170243
-0.3115456
-0.16225898
-0.4661167
-0.4829446
0.75045514
-0.7476192
-0.6175406
-0.35574198
-0.6875496
-0.13236214
0.80466384
-0.113235965
-0.054719124
-0.21429043
-0.9166172
0.089730695
0.3558381
-0.0013123106
-0.11444906
0.41219923
-0.6921428
0.032203097
-0.37954745
0.20589617
-0.07565295
0.31042182
0.46079567
-0.50536203
0.124545455
-0.06761039
1.0588366
-0.740564
0.13818061
-0.6148618
-0.40062127
0.27375862
0.1814403
-0.07212868
0.7691385
-1.025907
-0.0349888
-0.20767754
-0.11984164
-0.07054277
-0.3835897
0.4047322
-0.14470957
0.3465777
0.11221235
-0.37326953
-0.4986169
-0.12602758
-0.66311324
0.79893875
-0.20526668
0.7136774
-0.33394498
0.15922913
-0.1604779
0.19907454
1.6677476E-4
-0.20150056
-0.1756994
0.2614844
0.06884602
-0.24282373
-0.072640345
-0.15770306
0.3778065
0.4459916
0.22996792
-0.026790895
0.8671784
-3.5274503E-4
1.170848
-0.72185475
0.09601422
0.29806143
0.63202095
0.5970123
0.28529906
0.68401146
0.37978435
-0.47047955
0.5849325
-0.3488356
0.06292338
0.4650481
-0.49797103
-0.0465426
-0.65029776
0.15668139
-0.21404546
0.19833343
-0.32961005
-0.30550203
0.9672784
-0.08638756
-0.32373804
0.5731107
-0.06238914
-0.21026248
-0.63708
-0.029737564
0.32342008
0.17191029
-0.16141295
0.3140927
-0.05451783
-0.2968246
-0.14836994
-0.2547761
0.7248524
0.68036443
-0.49889833
-0.56320465
0.50656676
-0.2838757
-0.46043587
-0.3238121
-0.31937674
-0.17223935
0.7637151
-1.0430642
0.7876671
-0.3869692
0.12403794
-0.20907249
0.19487788
0.2676041
0.113122724
0.11898274
0.4589977
-0.67388177
-0.22049312
-0.10627614
0.45697767
-0.17376778
0.02427386
0.08317995
0.2499794
0.33482182
-0.15220974
-0.72376263
-0.518176
-0.83178943
-0.14738914
0.18633975
-0.4819305
0.31542966
0.3820905
-0.06725253
0.18882094
-0.12570235
-0.2908448
0.42116734
-0.030487722
-0.57919836
0.52059156
0.24328183
-0.2872931
-0.26811534
0.47029397
-0.09332615
0.1590687
-0.216492
0.42155764
-0.013376497
0.54492974
-0.2477243
0.22902685
0.37875566
-0.5242702
0.6800852
-0.68244445
-0.0650523
-0.2115049
-0.09375465
-0.28928065
-0.18962128
0.11795323
0.122936755
0.37868494
0.5853304
-0.41441676
-0.073593505
0.37973157
-0.6629676
-0.19852349
-0.18578345
0.4696789
0.687493
0.3247438
-0.35946214
-0.861172
0.26075125
-0.5641976
-0.92359614
0.25340363
0.11596702
-0.32974392
-0.6898321
0.12057392
-0.29984435
0.35698214
-0.63621736
0.3566612
0.62438244
0.44493788
0.2769636
0.09433498
0.028342023
0.54183924
-0.20529471
-0.017739449
0.2741881
-0.11045709
-0.1963115
0.59084994
0.19449456
0.5921604
-0.6624078
0.120320186
-0.5225467
-0.42177093
1.0028685
-0.018243732
0.3810685
-0.98860186
0.21276505
0.33659586
-0.51749015
0.30547315
-0.27552718
0.52992207
-0.07956161
0.76753616
-1.405149
0.4193795
-0.7780856
0.82055616
0.4834944
-0.13696663
0.21052048
0.6904512
-0.5654804
-0.41491312
0.07712989
0.40328002
-0.31578332
0.7980541
0.7516934
-0.6704089
0.91216934
-0.60082024
-0.5146604
0.04080472
0.34598726
0.11773961
-0.32513398
0.52499145
0.4566294
-0.6791896
-0.1074645
0.57639706
0.014604138
0.099108666
-0.46151918
0.6899217
0.31483018
-0.6613823
-1.1733308
-0.012295288
-0.7059295
-0.05104704
0.5738246
-0.13710482
-0.14808188
0.12684417
-0.4505407
0.22317004
-0.25156888
-0.71104175
-0.36566022
-0.38568994
0.5472531
0.8164452
-0.11821317
0.020186812
-0.12652579
-0.27163684
0.5553704
-0.3598154
0.20478587
0.58004636
0.14889391
-0.29596245
-0.60153574
-0.0712652
-0.42397
0.09666812
0.2001397
-0.4647427
-0.2539783
0.9519525
-0.17268653
-0.2896532
-0.30572307
0.026581483
-0.47065446
0.5045863
0.4445216
0.36949494
-0.007814672
-0.020813243
-0.2707478
0.49664629
-0.18109204
-0.39201364
0.16811669
-0.18068676
0.28105587
0.46492168
-0.4216453
0.38104734
0.20186563
0.09819594
-0.03485666
-0.6878645
-1.2243835
-0.12414325
0.4885344
-0.66110724
-1.0065389
0.28007638
0.24722067
-0.014623738
0.6203544
-0.15857676
-0.711428
0.21712916
-0.45824084
-0.4824433
-0.27065772
-0.20954828
1.0602826
0.60840505
0.31241477
-0.27092177
0.57313967
-0.0141261155
-0.6477374
0.0333891
-0.05581535
-0.60744
0.17257972
0.17626138
-0.8641293
-0.67533785
0.7505211
-0.048211005
0.05747505
0.8744023
-0.4814408
0.6562941
-0.9502375
0.23157665
-0.11208401
-0.038237635
-0.24529475
0.3340798
0.27690718
-0.11367903
-0.5190756
-0.057765916
0.018890139
-0.17550926
-0.16348162
0.37129387
0.31947884
-0.4809391
0.6757058
0.12404555
-0.45839363
0.37888485
-0.25437078
-0.7224687
0.60546875
-0.31396505
-0.42500663
-0.03590817
-0.36013797
1.3528934
0.41232103
-0.15301281
0.4111138
0.58269083
-0.15609947
-0.7685726
0.2688224
0.45276085
-0.38921002
0.27976567
0.016308019
-0.13612418
-0.58822304
0.8847872
-0.5402683
-0.376023
-0.18342894
-0.8603729
0.13922231
-0.5688876
-0.2440051
0.4139439
0.13176021
0.8286416
0.37347904
0.16936204
0.29711124
-0.5826297
-0.10319252
0.9514752
-0.0155289145
0.4729571
-0.50177085
-0.41121557
0.17246556
-0.5112893
0.61780083
0.4323687
0.52202654
-0.22423445
0.513542
-0.11679608
0.29831168
-0.6496328
0.3187813
-0.20236489
0.064525366
0.0576985
-0.0013743178
-0.27953196
-0.73942673
-0.13498826
0.13623413
-0.5343628
0.119463325
-0.066510595
0.92017645
-0.38382617
-0.17710848
0.75584584
0.043209717
-0.10371433
-0.0131871905
-0.30893207
0.112706214
-0.92888594
0.37667477
-0.033141635
0.40847126
-0.48039088
0.25397864
0.40062362
-0.44048783
0.59677714
0.060391266
0.24997818
0.9265791
-0.44069204
-0.49429873
0.48054627
0.13996996
-0.033909127
0.5221792
0.7176729
-0.30080396
-0.2763986
0.5193933
-0.5577239
-0.10807711
0.83623296
0.09112399
-0.04509429
0.5524184
-0.30588388
-0.36605442
0.3188437
0.63747555
-0.18223718
0.61453795
-0.18575428
-0.15587255
-0.19312626
-0.88299006
0.2608352
-0.16464192
-0.72070175
-0.072140366
0.21369678
0.29283068
0.19782153
-0.4246123
0.48468783
-0.020602213
-0.48449486
0.59228647
-0.5317194
-0.5542661
-0.43634936
0.75875264
0.5695293
-0.6697385
0.28982016
-0.3381809
0.37400562
-0.5871857
0.72827643
-0.023055201
0.42502385
-0.667812
0.93426734
-0.5716906
0.16724163
-0.5705842
0.47439298
-0.2566235
-0.321374
-0.32468957
-0.37385374
-0.3926376
0.087293334
0.1000065
0.4392515
0.09297369
0.19456303
-0.68461466
-1.1055121
0.7073779
-0.23829235
0.16326396
0.24116665
-0.7316169
0.18994042
-0.33351752
-0.35869125
-0.27735713
0.039606325
0.45597866
-0.023220005
-0.2709211
-0.7299692
0.12462336
-0.5166826
-0.3251448
1.1404324
0.19936693
-0.17776573
-0.3087139
0.22737752
0.49821028
-0.09157758
0.34924904
0.13434099
0.52070504
-0.6820213
0.012944388
0.09674494
0.38106903
-0.44144002
-0.035609726
0.2526937
0.24849294
-0.12709905
0.23274107
-0.18146354
0.07235068
-0.7009861
-0.15256996
0.18376389
0.11278511
-0.8195552
0.5375287
-0.5344742
0.20011924
-0.45639548
0.14031617
-0.1082682
0.5422747
0.0902345
-0.40261278
0.5020397
-0.61334467
0.92204213
0.04116051
-0.14998879
0.33623144
0.054794263
0.25351503
-0.4823642
-0.2024138
0.79723597
-0.4192732
-0.3201472
0.26878688
-0.08742819
1.1421375
-0.2516799
-0.055050723
-0.26670986
0.28017434
0.05647312
-0.9850129
0.63801277
0.18347003
0.548653
0.051237635
-0.28708342
-0.9710999
-0.39507014
0.4279088
-0.40209752
0.9856601
-0.17033483
-0.31773943
1.0143275
0.34809685
-0.13397989
0.18302846
-0.1721671
-0.36471924
-0.017876044
1.0330166
-0.6722223
0.3908334
-0.63229996
0.020956757
-0.21477456
0.004154794
0.58113134
0.7616714
0.03864035
0.69646233
0.6044483
0.2928826
0.21078576
-0.054933105
0.21932353
0.57789123
-0.5206204
0.18164364
0.5897762
-0.09893164
-0.3780771
0.6154204
0.3015331
-0.2484738
-0.2872879
-0.8968525
0.04870188
-0.15695146
0.9700154
-0.56262475
-0.1500641
-0.045048077
0.07873734
-0.25295892
0.23418526
0.07281173
-0.5039811
-0.48892203
0.2159837
0.34252566
-0.5266831
-0.9076248
0.033770483
-0.53956294
0.18118386
-0.6387077
0.083091095
0.39732647
-0.49573344
0.18038942
-0.21859443
1.0370773
0.50109625
-0.5446246
-0.23059449
0.8738379
-0.5541001
-0.47723287
0.41002145
-0.019869106
-0.17869918
-0.14469478
0.54570824
-0.15241192
-0.047106914
0.044821814
-0.13107413
-0.049261924
0.22911684
0.31424615
-0.5450164
-0.47553486
0.11560511
-0.7646364
-0.43274093
-0.45635486
0.5991758
0.057362482
-0.45604298
-0.5507688
0.6261075
-0.5108948
-0.04862825
0.07817411
0.30840233
0.265159
-0.77373785
0.27615568
0.7988919
0.46107283
-0.69442654
0.38113317
0.5287396
-0.087349996
0.10229444
0.5756309
-0.106508665
0.9275316
-0.28966725
0.3083913
-0.48519295
-0.32772323
0.46676502
-0.25470883
0.13435686
-0.27853584
0.22141252
-0.15175603
0.376534
-0.4018251
0.063081495
-0.29143813
0.14456116
-0.21008258
0.4171278
-0.6100055
-0.19427754
-0.35447976
0.5483746
-0.76772064
0.45774397
0.13144366
-0.6476699
-0.061793827
-0.57924604
-0.52009994
-0.43483752
0.48492086
-0.7438809
0.2809912
-0.46533945
-0.05179101
0.07763799
-0.56031
0.575994
-0.029356128
0.43637484
-0.20287883
0.5101825
-0.5962335
0.32940158
-0.44655767
0.23556934
0.5514699
-0.35032943
-0.37587485
-0.16014299
-0.40386638
-0.48705822
0.30662146
0.38660404
-0.07687781
-0.39816505
0.14970288
0.339867
-0.4169262
0.42600545
-0.31812567
0.47178322
-0.21631743
-0.43575808
0.21350116
-0.635222
0.57519525
-0.09579083
0.19594023
-0.0347934
0.44579306
0.36239898
-0.33499393
0.0706625
-0.88521075
-0.32614806
-0.50856596
0.17353432
-0.39681873
-0.33696184
-0.20674798
-1.102948
0.6032017
0.5077807
-0.41128802
0.5790724
-0.52424234
0.12323902
-0.26261353
0.19207788
-0.47372657
0.3724836
0.17422284
0.06783858
-0.44426292
-0.09524799
-0.09907779
-0.9524979
-0.9350439
-0.21667293
-0.6543515
0.77755153
-0.8406129
0.54326916
-0.10626758
0.008441538
0.13312729
0.2799305
0.0113682095
-0.31401423
-0.47389248
0.33554813
0.49764478
-0.31503594
0.70815474
-0.29663375
0.39879283
-0.59974676
0.13090841
-0.61127275
0.24525662
0.75180566
0.101217136
-0.709414
-0.32792172
-0.5500028
0.63504785
0.093421094
-0.26597455
0.65128285
0.14611553
-0.6075907
0.15056188
0.09625002
0.2315409
-0.12040334
0.83367014
-0.2540234
0.041457478
-0.73543185
0.39558357
-0.28984487
-0.30316123
0.9722849
-0.30317348
0.22638588
0.2919085
-0.17942005
-0.41440865
0.12378643
0.0039682793
0.84971964
-0.39158517
0.2550498
-0.6876842
0.38256058
-1.066399
0.3915264
-0.53953093
-0.01530235
-0.031735934
-0.2695635
0.40043712
0.09556452
0.4359477
0.313909
0.43459937
-0.39247233
0.5979927
-0.5630286
0.16614999
0.028838482
-0.20864356
0.5345845
0.46890533
-0.31646442
-0.8378405
1.0911193
-0.46279824
-0.41902336
0.4758225
0.024196241
0.2613803
0.17634034
0.2903836
-1.0207222
0.36179823
0.09981554
-0.7293114
0.3365689
0.16106716
-0.10082205
0.34518844
-0.3963669
0.55095404
0.7670123
-0.32462648
-0.39269152
0.39712274
-0.5827027
0.14331363
-0.16397688
0.20870897
0.06074991
-0.74296844
0.35052732
-0.34741217
-0.40462935
-0.043316938
-0.8648967
-1.0069848
0.55468774
-0.15769185
0.0031876375
-0.19652046
-0.33190107
0.58221006
0.12939063
-0.6757991
-0.33968306
-0.73339105
-0.7192162
0.0011713048
-0.9081458
0.010182167
0.23386498
0.54852206
0.39007378
0.33262488
-0.37812394
0.33322227
-0.39862955
0.5090136
-0.5981233
-0.23748608
0.80222565
0.059026964
-0.36331573
-0.52673113
-0.55247927
0.79221714
-0.40962112
0.1264081
0.34804082
-0.17125103
-0.34458727
-0.67963326
0.70825815
-0.08692856
0.8294916
-0.8153318
0.41104868
0.95020837
0.10216007
0.0019075993
-0.060836412
-0.30436063
-0.25692222
-1.11951
0.30541882
0.17995103
0.05397141
0.7783394
0.3875828
0.45531008
0.19649576
0.57017934
-0.03524518
-0.027890904
-1.0448142
-0.5248912
-0.024132665
-0.58539975
0.78327847
-0.10753246
0.12277404
-0.5783051
0.31838822
-0.17777182
0.120616175
-0.057218496
-0.4218437
0.67268616
-0.5018933
0.10064096
0.31322896
0.28276142
0.16263737
-0.13199402
-0.21860541
0.25226155
-0.2831779
0.56010747
-0.23688611
0.49985433
0.58171666
-0.9220911
0.52959985
0.058738556
-0.11274173
0.044785295
1.1229556
0.48790044
0.18458158
-0.32545084
-0.113126606
0.58915764
0.08481197
0.5097489
0.04892274
-0.90237564
0.22780615
-0.80464065
0.37724173
0.11018827
-0.5839082
-0.3838843
0.071510755
-0.23049119
-0.30204388
0.039190684
-0.0047862865
0.14643835
-0.8985527
0.5697079
-0.65154785
-0.48080045
0.031064598
0.16389622
-0.9055403
0.36198744
-0.6132375
0.30750087
0.25821048
0.13349377
-0.12098788
-0.54711676
-0.5401909
0.5497479
0.22735685
-0.110232
-0.39721975
0.081899025
-0.48479497
-0.6915692
0.2576246
-0.96583664
0.49662003
-0.02030651
-0.36984435
0.17077981
-0.74451107
0.3040526
0.2562021
-0.31013095
-0.22690678
0.31263322
-0.48371136
0.06515984
0.138748
0.19298415
-0.49117547
-0.4645423
0.7420462
-0.86099887
-0.5494651
-0.29339513
-0.537236
0.051523373
0.57018846
0.27964854
0.038010158
-0.317845
-1.580764
-0.26916128
0.99543965
0.6145851
-0.46737015
-0.31851453
-0.13249639
0.6574005
-0.044821966
-0.084152736
-0.13719009
-0.47237846
1.3278017
-0.20646678
0.05781601
-0.5849568
0.65582854
0.14097476
0.88843596
1.3069006
-0.066705786
0.06801793
0.335303
0.038565256
0.39548972
0.058257643
-0.7364631
-0.1954923
-0.49099547
-0.37496892
0.48011044
0.17353061
0.42798087
-0.2550962
-0.12902942
-0.5479178
-0.45643708
0.21455672
0.52760065
-0.64665526
0.01385975
-0.2656788
0.85749674
-0.27921736
-0.09404201
0.6103857
0.449738
-0.24877024
0.49287298
-0.31554627
-0.42058662
-1.1108623
0.7491875
-0.24603091
0.1258472
0.04292309
0.51076233
-0.055304997
0.79276973
-0.819061
0.24680133
-0.39090577
0.43974844
0.4239569
0.37593958
-0.3101952
0.2636232
-0.81231815
0.82981586
-0.7305807
0.712489
-0.5478021
0.40181544
0.5046639
0.16932479
-0.3759116
-0.4322183
-0.49075213
0.49204576
0.09894789
-0.121418245
-0.23326701
-0.34234425
-0.5288573
-0.28227186
0.47217494
-0.48555708
-0.15839663
0.282809
-0.72403455
0.69766885
0.32633457
-0.33463252
0.50226444
0.7291242
-0.07726277
0.019454919
0.2504861
0.85019714
0.14068422
0.4807419
-0.23795909
-0.5369558
0.63237745
-1.079884
0.5453616
-0.48477992
0.34038684
0.48857775
-0.85487795
0.038973704
0.15324299
-0.37937555
-0.32608128
0.28160036
-0.11236565
0.5341216
-0.18079002
-0.74920374
-0.33122113
-0.058273528
0.13907371
-0.3291761
-0.061342433
0.64689565
-0.13592601
0.22402285
0.0835172
-0.37640145
0.5406336
0.18281339
-0.12690324
-0.2700569
1.0138212
-0.7329869
0.70443326
-0.70916337
-0.773778
0.4690571
-0.32075378
-0.41910452
0.41792613
-0.27152416
0.20664681
-0.67961556
-0.50526565
-0.2845861
0.5707367
0.59017503
-0.43056163
0.4848524
0.06678014
-0.13245837
-0.44364056
0.14246781
-0.63581514
-0.3315733
-0.31047767
-0.43767795
-0.24435697
-0.04278065
-0.14533931
0.49046728
-0.13408957
0.40518588
0.14028203
0.341644
-0.12743467
-0.10562366
0.44710475
0.22940946
-0.5687048
0.3241447
0.17570604
0.34583926
-0.08978233
0.3326176
-0.11346461
0.5921466
-0.5504913
-0.035361987
-0.7218638
0.40192634
0.5047054
0.25586924
-0.16180703
0.6061166
0.005499774
-1.0411934
0.081481725
0.5486082
-0.16253634
-0.21254244
-0.3123614
0.26401138
0.1681594
0.6145824
-0.6764476
-0.20072636
-0.411489
0.7893141
0.28526363
-0.56753683
0.416278
0.8491238
0.2691297
-0.25682798
0.20496577
1.0490696
0.5025723
0.65852803
-0.01612321
0.4545367
-0.11192322
0.158254
0.3365846
0.12677033
0.85010797
-0.4246563
0.27474934
1.1073567
0.61593074
0.22646226
0.006603024
-0.16499516
-0.4811774
-0.22540514
0.3517271
-0.1488206
0.14022437
-0.1201718
0.048928436
-0.016389124
-0.16828732
0.1348912
0.8199056
0.3259782
-0.7229576
0.04541254
-0.05766475
-0.29887992
0.7486398
-0.8961181
0.1678464
0.12449993
-0.655536
0.5392033
-0.46030423
-0.42589197
0.12538707
0.29307935
0.37478125
0.2600512
-0.2610771
-0.09950047
0.2160988
0.9867134
0.3073019
-0.0023744095
-0.7080277
0.5993434
-0.62595975
0.73009735
-0.3520109
0.24880596
0.50614524
0.6035679
0.47395402
0.04529937
-0.6148847
0.33657962
-0.34808305
0.66223294
-0.22207735
-0.30368644
-0.35233667
0.726104
0.63239604
0.010556666
-0.60230863
0.12970917
-0.4506753
-0.17241347
-0.47774985
-0.9506175
-0.20175417
0.010414507
1.0090277
-0.039146274
0.6804856
-0.0043586404
-0.05969198
0.120209575
0.23677656
0.17407225
0.040093653
0.3536742
0.67323154
-0.7140908
0.045324266
-0.42273164
0.8384301
-0.7100912
0.41141212
0.4705286
-0.05643035
0.6502887
-0.08260287
-0.18221082
0.8162562
-0.08517968
0.11421904
-0.14934689
0.27887714
0.094496444
-0.17119911
0.15792242
0.1852487
-0.56812155
-0.28826353
-0.51570153
-0.81907403
-0.119747795
0.7510398
-0.40823716
0.012905837
-0.5090927
1.3142099
-0.31743443
-0.103410356
-0.075886935
-0.74835676
-0.4592744
-0.27284795
-0.047323048
-0.09004921
0.38954246
0.38910782
0.21223378
-0.19767745
1.0112786
-0.12655963
-0.1488589
0.39525005
0.34767863
0.28001302
0.35626644
-0.16966787
0.5239449
0.36812675
0.1937079
-0.52435946
-0.46142462
-0.19407819
0.060501657
-0.30437097
-0.6590026
0.17182589
-0.9667743
0.7495326
-0.53990585
0.26027137
1.031103
-0.30829665
-0.16340736
0.042154975
0.5822066
0.5954904
0.5631328
0.6982132
0.11545951
0.10815159
0.45172375
-0.5747617
0.45118517
0.23460098
-0.6566957
-0.15592612
0.046867497
-0.2461851
-0.12372369
0.20459612
0.05169606
-0.33523288
-0.5597698
-0.38302383
0.009354822
0.25158644
-0.28352377
0.79770076
0.25399157
-0.61724293
-0.091567084
0.29315463
-0.65774137
0.6185647
0.8556458
0.7785746
0.5296731
-0.040927637
-0.23534791
-0.29967502
-0.5257605
0.8278417
0.26475677
-0.045510206
0.46784365
-0.21700527
-0.5304835
0.96467936
-0.5111779
0.2765711
-0.3323108
0.69256246
-0.97159743
0.56979823
-0.40113536
-0.24308491
0.72894114
1.1369135
-0.696269
0.7407926
0.16486186
0.17731012
0.18569048
-0.5141996
-0.60181135
0.4845554
0.3511859
-0.415059
-0.26808253
0.0691997
-0.7437059
0.3267135
-0.8411761
-0.2641868
0.61149174
0.2524815
0.1273466
-0.16001023
0.6839139
-0.040087134
0.88382906
0.61449337
-0.029096927
-0.5233268
0.9068462
-0.20002966
0.6652992
0.61670214
0.0024046116
0.78674656
-0.9082177
-0.37709355
-0.3234458
0.085982524
-0.03454907
-0.48547643
0.66662294
-0.27680728
-0.7334006
0.51538956
-0.63511753
0.14830859
-0.47537473
0.37298515
-0.024579449
0.09396339
-0.6938875
0.39117482
-0.33585742
0.17542224
-0.3748115
-0.2719138
-0.02484166
-0.09010699
-0.044799667
-0.38771722
-0.25971517
-0.08082505
-0.21966736
0.11151258
-0.7638226
-0.16882502
-0.23933801
0.8507508
-1.4706204
0.3541217
0.4749476
-0.24408144
0.057091802
0.35690394
0.06773829
0.06537713
0.34791452
-0.028939947
-0.5117973
0.87029034
0.4098716
-0.10913247
-0.58106214
0.2827438
-0.16088599
0.3847039
0.5855684
-0.054262336
0.06577261
-0.657937
0.08606369
-0.37037975
-0.7009382
-0.46721014
-0.014422315
0.47461584
-0.2820308
0.07865209
0.58012617
0.2926375
-0.24207811
0.84676355
0.06560992
-0.7351945
0.36310545
0.08038334
0.07993881
-0.46568125
-0.24184994
0.54067856
0.036768246
0.009074275
-0.09468489
-0.5158082
-0.09645121
-0.10962486
-0.3047671
-0.34425738
0.047501493
0.108801305
-0.63774735
-0.07966375
0.6642936
0.24856183
0.50767905
0.30800515
0.38160467
-0.19783482
-0.35218287
0.3250028
0.23401383
0.27211016
0.325498
-0.70562637
0.049290385
-0.45219046
-0.25014043
0.27119824
-0.40143317
-0.0060858433
-0.10179406
0.043850686
0.008978117
-0.6921368
0.20077108
0.7780572
-0.14205572
0.12545043
0.49887985
-0.20196883
-0.48049486
0.121100225
-0.12571247
-0.98200333
0.50340354
0.45811713
0.7120158
-0.58819795
0.4731689
0.16714856
-0.3115874
0.43812904
0.18329354
0.25498933
-0.3218087
-0.8911876
-0.14123784
0.008932567
0.08683287
-0.036414273
-0.008465009
0.49176008
-0.41722047
0.2845608
0.39652264
-0.20909277
0.2902316
0.010457587
0.38407952
0.26765993
0.0973886
0.15855113
0.28126037
0.50909775
-0.79630643
0.4275272
0.48790264
0.7436636
-0.30428207
0.19037764
-0.09691812
0.4991873
-0.52306885
0.27236974
0.5766931
0.13443977
0.5274284
0.3254346
0.35093263
-0.3409764
0.8643338
-0.26006955
0.3241342
0.14808287
-0.051521335
0.112460546
-0.4125114
-0.19198318
0.0955614
0.08762349
0.08139624
0.8040734
-0.36652726
-0.04579671
0.04533526
0.076982126
-0.2725924
0.38496307
-0.27498123
0.4693328
-0.1501055
-0.130989
0.4320555
-0.59822905
-0.59441817
0.7073243
-0.36283237
0.5747107
0.94549924
0.117088586
-0.28006992
-0.14867014
0.4294541
-0.22232102
0.07402997
0.06740587
-0.077203214
-0.7862965
0.5039801
-0.13150184
0.06550478
0.5495983
-0.5694743
-0.13650627
-0.044804126
-0.27787095
1.0202504
-0.21935175
-0.2697813
-0.76259744
0.48180684
0.38166457
-0.3739717
0.104903646
-0.89608103
-0.6270629
0.5799769
0.63459957
-0.39678505
-0.4509925
-0.10290699
-1.3165989
0.58759266
-0.0584432
-0.14527395
-0.23726656
-0.3849745
-0.06347051
-0.36974448
0.48872012
0.15020876
-0.344994
0.5244434
-0.70268756
0.13905197
-0.21943524
-0.1984625
0.111826554
-0.29073906
-0.5062688
-0.07751932
0.3381941
0.34172443
-0.5501839
0.59219414
-0.175336
-0.096557274
0.09918726
-0.2948818
-0.22965871
0.17272213
0.14596063
0.0032563603
-0.042707697
0.77924395
0.2586505
-0.03980975
-0.49111676
-0.9421267
0.40271947
-0.0055691595
0.074274436
-0.2774091
-0.19072023
-0.19118974
-0.4261392
0.60730267
0.30755657
0.5783265
-0.39879063
0.49422702
-0.5637802
-0.6035747
-0.67301553
0.51666
-0.03542021
-0.6074136
-0.09557084
0.72450805
0.1913298
-0.5950503
-0.10402096
-0.21758187
0.5102518
-0.5745506
-0.19666697
0.5639313
0.48968592
0.44459385
-0.28064382
0.8172533
-0.15811376
0.80107164
0.03601845
0.4710999
-0.5979932
0.36040738
-0.12860197
0.50616723
-0.36329147
-0.18005793
-0.6458498
0.5926254
-0.19804208
0.52141756
-0.3486509
-0.36455125
0.5748336
0.12251329
-0.5451288
0.13988666
-0.7635027
-0.43855053
-0.3479781
-0.032402847
-0.03967845
-0.59416753
0.10139196
-0.48406976
-0.74626005
-0.21485636
0.41423747
-0.40238824
0.5940364
0.2475063
0.22775166
-0.07221544
0.098202504
0.34800422
-0.3333167
-0.15527733
-0.46315116
-0.90040374
0.660412
-0.9508202
0.6740067
-0.7280421
-0.35171822
-0.47652078
-0.32459992
0.9198815
-0.09056373
0.63151914
0.31156603
0.53611743
0.6780415
0.39058924
-0.88539106
-0.2216803
-0.3095828
-0.7287845
0.34361863
-0.04728139
-0.14010195
-0.07042397
-0.460453
0.18066166
-0.48342648
0.29943484
-0.16982779
-0.3522469
0.41073897
-0.1721391
-0.88986266
-0.49761567
0.03768977
-0.2339938
-0.32340923
0.5985437
-0.6285676
0.43627486
-0.5548081
0.5971166
0.3575861
-0.5203893
0.39544055
-0.4127405
-0.39608192
0.23056266
-0.082063965
-0.3955305
0.022909408
0.64511114
0.17653736
0.14115454
-0.05432648
0.08435679
-0.12802824
-0.7419098
0.36895987
-0.42023677
0.2167947
-0.20003523
-0.40203002
-0.07626569
-0.13438429
0.4185244
0.42607558
0.8826081
-0.2784106
-0.9256565
0.015692119
-0.33289558
0.46549135
0.0616079
0.6625962
-1.3295811E-4
-0.41949055
-0.45572641
-0.119135566
0.41068098
-0.030053278
-0.61703026
-0.5379155
0.1560392
0.2766525
0.054794837
0.4138002
0.42157558
-0.7272247
0.19317237
-0.43446368
0.48662835
0.01987034
0.29996336
0.12442059
-0.022410657
-0.24519747
0.2797773
0.7577734
-0.1721301
-0.3915575
-0.33345595
0.3903981
-0.15933123
-0.47688967
0.5696874
0.21648562
-0.13589281
-0.26918206
0.68673545
0.16646558
0.15806477
0.9057526
-0.5783326
-0.33194122
0.035100248
0.22373861
-0.40746808
-0.018202592
-0.16455324
0.4129588
-0.38002822
-0.65298826
0.5173577
-0.010341491
-0.008153078
-0.0066065374
0.9357965
0.110655606
0.096973404
0.40466893
-0.022856798
0.47659364
-0.13582574
-0.5059267
-0.79839534
0.056211703
-0.92902744
0.08638568
1.0182769
-0.74330384
0.2529279
-0.815075
-0.08807607
0.41048285
0.06404486
0.070849776
-0.14381976
0.25981256
-0.60306895
0.5001373
-0.10853212
0.17571054
-0.5603173
0.4585601
-0.3164774
-0.06659541
-1.0068929
-0.1559395
-0.272859
0.59942514
-0.67715496
0.015833642
-0.29632792
0.7198337
-0.060643353
0.17855446
0.27102205
-0.69782656
-0.048571397
0.29436505
-0.23944041
-0.3462586
-0.16458553
0.037983257
0.2955883
-0.7365969
-0.10075912
-0.19369604
0.5280391
-0.6716481
0.6509441
-0.03919545
0.28401965
0.3585177
0.32294515
-0.1107521
0.59865713
-0.54107076
-0.083308116
0.5313224
-0.5744505
0.26565942
-0.79055095
0.57874453
-0.28439814
0.7765889
-1.0457062
0.21963418
1.0053594
0.4448084
0.3727049
-0.343415
0.27553684
0.23926573
0.9090584
0.24340625
-0.12076956
0.27833194
-0.8476517
0.41870952
0.02712464
0.54596174
-0.20194715
-0.4266457
0.2432083
0.11313496
0.28104836
-0.53357714
-0.6570783
0.1830519
0.36627123
0.7829564
0.09812784
0.47811583
0.5792927
0.6089395
-0.72430223
0.26094955
0.09712586
-0.42912355
-0.09898417
-0.7642903
0.13196835
0.2559232
-0.5245242
0.4506003
-0.2697268
0.3390425
0.39878547
-0.124241486
0.6987333
0.094690435
0.25472265
0.19785342
-0.4933152
0.028805729
0.5579467
-0.53220904
0.40073898
-0.78660285
-0.0890769
0.12306971
-0.3253533
0.16384134
0.06848403
-0.07427683
-0.57157326
0.18367921
-0.11319168
0.5926885
0.074079975
-0.81730753
-0.3918343
-0.12686878
-0.47502837
-0.4758618
0.46375856
-0.044277642
-0.6969258
0.27762958
-0.12459888
0.26098934
-0.6425783
-0.17763373
0.5468853
-0.5853073
0.29290345
-0.547549
0.44222924
-0.08768368
-0.5964329
0.6718754
-0.16168903
-0.046594188
-0.58465105
-0.42961577
-0.24831592
0.17234655
-0.28459242
-0.27967834
0.49196255
-0.43983716
-0.4086499
-0.0060122977
0.5880083
-0.013401359
0.3905857
0.55832714
0.06439859
0.27191004
0.107403934
0.108407386
-0.2897862
0.09189373
-0.32538235
-0.118777126
0.23526123
0.91815877
0.06106105
-0.1438081
-0.025996212
-0.7447225
-0.45155704
0.5818665
-0.76921034
0.29259425
0.38897696
0.20001824
-0.4630405
0.5213508
-0.1193698
0.14679223
0.35166323
-0.11723417
-0.095493324
-0.28303003
0.31366664
0.4538604
-0.36006933
0.73055273
0.41088665
0.26914823
-0.548778
-0.009975567
-0.60746217
-0.44046628
-0.2128033
-0.037047643
0.04170067
0.046795093
0.16466282
0.09523568
-0.39542353
0.13502626
-0.5870898
0.2021984
0.19555365
-0.15900552
0.07634988
-0.2241878
0.45456168
0.49010423
-0.6819304
-0.25945666
-0.36823472
0.6579495
-0.5440764
0.6481766
0.039001774
-0.34532923
-0.37150294
-0.021933625
-0.23420049
0.056774348
0.5082161
-0.108495615
-0.34191367
-0.31169748
-0.2544363
-0.032158114
-0.45342985
-1.2330604
-0.009943752
-0.80669534
0.9106031
0.43236604
-0.36121902
0.7139482
-1.1275709
-0.26139218
-0.5132535
-0.61369294
-0.13822085
0.04240165
-0.17904882
-0.40641236
0.1536799
0.14061362
0.08217219
-0.39199775
-0.28727022
0.5328533
0.3554397
-0.6714326
-0.44054094
-0.45707384
0.39691827
0.20650862
0.4730014
0.30265725
-0.51759094
-0.29068848
0.28586078
0.74645185
0.20876983
-0.11728927
-0.32563248
-0.06498334
-0.18393472
-1.0202879
0.26223588
0.16203907
0.6238789
-0.14069903
-0.3771571
-0.60578746
0.12357488
0.7730681
-0.7832734
0.04571321
0.3381123
-0.4525311
-0.9014522
0.8183695
0.08193605
-0.34962702
0.005417481
-0.4637237
0.79131
-0.25855067
0.17763582
0.27412808
-0.13787735
0.01971224
0.53738326
0.7526192
0.63207704
-0.9637092
-0.22909562
-0.04944306
-0.090249285
0.044917785
0.06327122
1.0406827
0.051617198
0.13698007
-0.2282686
-0.49703893
-0.09955085
-0.21766338
-0.07508979
0.017696045
-0.06899424
0.5324147
-0.56233704
-0.17993562
0.12013641
0.5585848
0.5445586
0.06576397
-0.114939414
-0.2044173
-0.048774786
0.57981354
-0.7530546
0.7224394
0.49371085
-0.1871682
-0.5638057
0.5018711
-1.0499455
0.7207682
0.35625878
0.5926845
-0.25007787
-0.40335587
-0.08305366
-0.15327466
-0.76662165
-0.18013993
0.07181095
-0.5143698
-0.44832408
0.3223548
0.02726169
-0.6535343
0.59917253
-0.71572495
0.123280585
0.98253375
-0.5061262
-0.106652066
0.13100967
-0.52172035
0.48630896
-0.99960136
-0.34028497
-0.22805241
-0.06445617
-0.41992074
-1.2330573
0.48322985
-0.2612928
-0.1942889
-0.16137616
0.15092783
-0.17872761
-0.42217314
-0.06436316
-0.8241133
0.3899543
0.5294586
0.81526387
-0.120887734
0.19314912
-0.94798905
0.45315206
-0.88509506
0.8214277
-0.23893893
-0.050459664
0.116971806
-0.19768772
-0.43560305
-0.013929346
0.25484732
-0.33672175
0.10741303
-0.12359682
-0.60049945
-0.25584087
-0.25267443
0.64193106
0.18537532
0.586326
-0.4066953
0.38425207
0.13593937
-0.56259114
-0.38784766
0.3528183
0.19497716
0.41583252
0.40546444
-0.055181835
-0.32320553
0.5485038
0.4425872
0.9917462
-0.57151467
0.030346178
0.9416692
-0.42311943
-0.31443897
0.9277408
-0.096216835
0.6135089
-0.26507518
-0.1849473
0.28813833
0.33047563
-0.029171789
0.35716113
-0.3483613
-0.022376867
0.9287112
0.36915824
-0.0708572
0.24758524
-0.19182226
0.19666265
-0.14849181
0.1264438
0.11199017
0.41246286
0.35668996
-0.09296143
-0.6574801
0.23565993
0.29515648
-0.035682492
0.08052328
-0.10992158
0.19278318
0.0897225
-0.16034909
0.17634569
-0.9732319
-0.168096
0.582394
-0.08054722
0.4478628
-0.32596508
0.43694592
0.5527346
-0.46813726
-0.022788163
-0.50119984
-0.1953251
-0.603259
0.8833978
-0.5857276
-0.098041765
0.59546906
-0.46547112
-0.73191965
-0.17469636
0.7376631
0.9109835
-0.17249489
0.77846515
-0.647253
-0.40548474
0.58735293
0.513571
-0.27684844
0.5243578
0.26431936
-0.06555968
0.19892594
-0.008087409
0.33437994
-0.16868028
0.8007699
0.43412918
-0.24432348
0.5184231
-0.16351876
0.4876366
-0.344988
0.28033644
-0.037196744
-0.724053
-0.35571268
-0.190418
-0.0011727796
0.0476089
0.45466834
-0.61091405
-0.23704523
-0.038807523
0.58930075
-0.28240526
-0.5343371
0.33641025
0.06267695
-0.020552296
0.14650528
-0.6978041
0.7575066
-0.6180046
0.31040326
0.38568005
0.3515887
-0.25855476
-0.25074035
0.3478365
0.62441564
-0.32478425
0.31014737
-0.16151258
0.111079074
-0.19121361
-0.2731101
-0.100129806
-0.60401183
-0.11841986
0.8600045
-0.5258513
0.52594393
-0.39435783
-0.4043218
0.20913385
-0.34615454
-0.12375582
-0.49495128
0.4116589
-0.13283974
0.17489094
-0.40412074
-0.49226862
-0.48373702
-0.43797383
-0.6508098
0.6286555
-0.40598562
-0.05639093
-0.4767586
-0.017486379
-0.26626617
0.4414633
-0.3456317
-0.45706084
0.13801418
-0.03230108
0.4527032
0.70846987
0.18870074
0.40881595
-0.04610765
-0.046028297
-0.5616617
0.05240266
-0.34911928
0.13593675
-0.334821
0.3886275
0.5176051
-0.6559121
-0.20118487
-0.6983359
0.7624109
-0.77282774
0.9591987
-0.08016325
-0.6186862
-0.2983768
-0.6389741
0.49160036
-0.30747175
0.43531626
-0.36867613
-0.32841334
0.6415725
-0.18127632
0.20519975
-0.15680073
1.2867385
-0.2950204
0.49069285
0.27212623
0.43355128
-0.21618442
-0.0018468263
0.11361961
-0.05116174
-0.07341422
-0.09562324
-0.5942758
0.39845514
-0.66647786
0.27000883
-0.54106396
1.1070509
0.25725582
0.1707114
-0.18231678
0.035132978
-0.6194555
0.40896276
0.6928394
0.7028422
-0.6902625
0.20906563
-0.21782108
0.23671107
0.19588797
-0.03546324
0.47196132
-0.6840272
0.52971226
-0.29971015
-0.17813982
-0.5889261
0.45575115
-0.3325505
0.64867973
-0.14443633
0.019936055
0.06107442
-0.034951065
0.39842415
0.13289386
0.0014416677
1.0058213
-0.27056506
0.26440936
-0.9740569
-0.5725672
0.297646
0.19080147
0.54757404
-0.12993047
0.87062794
-0.42410672
-0.049926285
0.22493364
-0.11132262
0.09410588
0.4633382
-0.14917645
0.6816284
-0.14490005
0.7077785
-0.9202044
-0.49250397
0.35876098
0.3213814
-0.40481034
0.8176264
0.022151604
-0.095086016
-0.22115147
0.51146287
-0.79771763
-0.28174242
-0.28911525
0.30998895
-0.34496826
-0.019275105
-0.4190114
-0.14106521
-0.22292723
-0.21443106
-0.057388395
-0.6913396
0.038152236
0.2064877
-0.9396036
-0.23720017
0.81502676
0.16328122
0.24375498
0.69986105
-0.16163738
0.7261519
0.32368568
0.11785179
0.23729636
0.34473
0.3350387
-0.57706374
0.43686563
0.48192364
-0.15982404
0.5713534
-0.3825215
0.71159506
-0.43188113
-0.17453337
0.7045377
0.7085022
0.53377724
0.28424582
0.15672754
-0.23494902
-0.70298517
0.69633925
-0.75751466
0.55507326
-0.5617711
0.2554572
0.13608123
0.12822726
0.6505182
-0.40500396
-0.28928956
-0.15245393
0.69340384
-0.50464135
0.37150237
0.59907454
-0.33252728
-0.20250605
0.09656011
0.2018734
0.582876
0.032893572
-0.11382549
0.4141922
-0.3964891
0.1531433
0.53987837
-0.4726989
0.6140388
0.57970923
-0.17768064
0.60341734
0.4987411
0.27631044
0.11386778
-0.015121185
0.756921
-0.033769898
-0.5341852
-0.36047542
-1.0108287
0.021797692
-1.2653995
0.3219176
0.022380512
-0.7840827
0.6569408
-0.28872624
-0.3100754
0.5038738
0.144238
0.19700274
-0.058397982
-0.62892675
0.016335882
0.0766282
-0.78742945
0.42112324
-0.56012017
0.10546897
-0.45915273
-0.21878801
0.15406819
-0.3433631
0.63759077
-0.3651644
0.31563866
-0.11632638
-0.30307946
0.10467596
0.15660058
-0.6150407
0.053281862
-0.08417443
-0.8465872
0.47578207
0.47154495
-0.53619343
-0.21905443
-0.7524885
0.2386855
0.42150295
-0.40635028
-0.5675267
-0.40368405
0.60057414
0.32940415
-0.93502665
1.1360581
-0.038864348
-0.52798975
-0.27640596
-0.1269803
-0.8872001
0.0035476831
-0.73850715
0.07829431
0.22359022
-0.004279125
-0.08430099
0.2628567
0.34513217
0.4518322
0.13164999
0.36925846
-0.28531575
0.32972255
-0.16099237
-0.5519346
-0.20177194
0.6633343
-1.0203141
0.120372795
-0.4540289
0.09932706
-0.3506475
-0.5365769
0.7696851
0.4579214
-0.030446578
0.19721699
-0.5728057
-0.12026862
0.82227284
0.19166707
-0.301581
0.34642312
-0.29562655
0.6007857
0.1424067
0.05277147
-0.0010391711
0.68749815
0.27695057
0.3908771
0.5099173
-0.09424253
1.1714481
0.45469022
-0.0042948397
-0.24886467
-0.1797338
0.11656594
0.14911252
0.27035573
-0.2160257
-0.54363483
0.091526404
0.018137863
-0.36330464
0.9829263
-0.2938976
-0.57275736
0.09161284
0.3010606
0.96665734
-0.45698515
0.44606796
0.5277997
-0.31284803
0.48061445
0.10216147
-0.23331785
0.7346285
0.3830866
-0.8168975
-0.46248102
-0.42440858
-0.54858613
1.0517033
-0.58728784
-0.09359004
0.6033256
-0.58867383
0.6416572
-0.07798583
0.5601193
0.429091
0.24003822
-0.35405207
0.3603489
-0.08598573
-0.41792744
1.1878997
-0.525961
0.76417595
-0.49145544
0.31164816
0.4392988
-0.08674626
0.8383455
-0.22428364
-0.10490231
-0.11083446
-0.14144939
-0.39621738
-0.49101967
-0.32267183
-0.8809371
1.1097872
-0.605261
-0.33380625
0.68501806
-0.97157294
0.49702495
0.1588689
0.10859002
0.2757523
-0.20695314
-0.6619317
-0.055082664
-0.7910661
1.1188478
0.891197
-0.5714888
-0.13983041
0.78930837
0.80995053
-0.98543876
0.35704288
-0.13984074
-0.1070975
0.13139676
-0.4758959
-0.17734419
-0.15526897
-0.17386124
-0.06565255
-0.25007203
-0.54784214
-0.036239307
1.1280683
-0.15088578
-0.32315692
-0.021158142
-0.013955499
0.49941778
0.24051265
-0.387192
0.26817822
-0.7478915
-0.051085934
-0.32998136
0.56952804
-0.770435
0.9884186
-0.097269796
0.2935647
-0.8022071
-0.40740258
0.5118261
0.84779996
-0.511966
-0.31311768
-0.37286818
0.4023844
-0.61034894
-0.19940457
-0.09473902
0.43186456
0.3455739
-0.41429454
-0.030999864
-0.3941656
-0.29521695
0.2953402
-0.46978897
-0.5205639
0.13914104
0.08074736
0.31444985
0.7321606
0.22454078
0.46196103
-0.6037046
0.5632925
0.32363677
-1.3545357
0.5771708
-0.14693756
0.5047689
-0.8281605
0.2632196
0.19593832
-0.22000766
-0.6345553
0.24893168
-0.94462955
0.38677645
-0.6945563
0.54729086
-0.22608325
0.309536
0.30916354
0.19905652
0.25443587
-0.4985934
0.05404017
-0.3266368
0.5535522
-0.12105069
-0.28856254
-0.39124638
-0.34507146
0.33629882
-0.12788332
0.41094777
0.58614105
-0.45584387
-0.19208834
1.08714
-1.2821571
0.31289992
-0.2922186
0.8889691
-0.05296742
-0.09278827
-0.010815289
0.7118733
0.58166695
-0.19341779
0.38250443
0.5205238
-1.0085518
0.76658237
-0.093200274
0.3409831
0.21716252
0.5318284
-0.16172533
0.5632083
0.35875413
0.8374263
-0.8295502
0.2083632
0.10960215
0.21452898
0.86072797
0.28637722
-0.39723432
0.012776627
0.44291118
-0.94566965
0.20027103
0.16927816
-0.093883336
0.7574911
-0.15782885
-0.65624535
-0.21575803
1.1864175
-0.09868785
0.3205164
-0.8167509
0.77886665
-0.54188097
-0.43319908
0.10093518
0.072141916
0.36414006
0.4090516
0.3203807
-0.23388909
0.23075214
-0.14221989
-0.03414326
0.035348386
-0.15973765
0.30463508
0.4182576
-0.27441725
-0.2627629
0.20601974
-0.58349407
0.004612152
0.0020077573
-0.08564836
-0.27101868
-0.18167095
-0.59337866
-0.70484227
0.39167187
0.083129704
-0.26935506
-0.028440783
-0.5532485
0.23521367
-0.20022893
0.09789701
0.13961074
0.40892065
-0.51154524
0.48323494
-0.83087695
-0.10855953
0.20552564
-0.8355331
-0.08590778
-1.0519218
0.014964251
0.5253717
-0.25722784
-0.734944
0.11863083
0.2036875
-0.6660088
0.30208677
0.47611722
-0.725887
-0.4163311
0.20507176
-0.33632377
0.095202625
0.19620746
-0.50768334
-0.24115816
0.17750894
0.56309927
0.05650138
-0.24805105
0.30184862
0.47949636
-0.8394112
-0.44616583
0.69696254
-0.1993944
-0.12836418
-0.5862986
-0.23883565
-0.03125372
0.543972
-0.24014711
0.41866323
0.1532191
0.3032558
-0.38850743
0.50502896
1.2045424
-0.23224449
-0.12507276
-0.72270346
0.2948596
-0.74121886
-0.072165824
0.5805162
0.448991
0.49973252
-0.56210226
-0.11513834
0.84576756
-0.44197363
-0.2756123
0.058753192
-0.30638656
-0.12674507
0.18061557
-0.3919717
0.3962728
-0.73735756
0.6011972
0.6381208
0.7146306
-0.23415637
-0.11756377
0.112065986
0.00943248
0.5675449
-0.75634426
0.49704528
0.4240491
0.71683353
0.19230254
0.8148748
-0.78610784
-0.286952
0.15050967
-0.3423171
-0.28280383
0.4974122
-0.024779828
0.4293755
-0.2930338
0.36621138
-0.3890025
0.5904387
0.34380174
-0.29361346
-0.13107464
0.0027121482
-0.16419001
0.20729113
-0.22077222
0.23800385
0.88814706
-0.9042606
0.6253294
0.68179274
-0.76185507
0.94575745
-1.0251447
-0.13483964
0.041739445
0.10557114
-0.25552005
0.72978157
-0.118151635
-0.049610637
0.6341026
-0.11520522
-0.19531262
0.6608479
-0.6951684
0.41861996
-0.54035604
0.6231818
-0.46799377
0.39728865
-0.43481973
-0.030888837
0.8660356
-0.20369358
-0.21493794
0.04725481
-0.158614
-1.1345586
0.28099343
-0.11952824
0.23401995
0.029495746
0.20831645
-0.2826345
-0.50145966
0.49394193
-0.6013574
-0.5538717
-0.60457844
0.31982553
0.2956585
-0.17042002
0.25953233
-0.27526093
-0.04895741
-0.6093382
-0.47740486
-0.6623497
0.7547487
-0.028680788
-0.39727163
-0.10453659
-0.29536453
0.27298054
0.8435005
-0.20859857
-0.74445945
0.83353734
0.8780952
-0.54498607
-0.6018062
0.7803208
-1.1383718
0.5094
-0.5810023
-0.4086047
0.46269968
-0.4320406
-0.04946217
-0.23569232
0.013174422
0.021852631
0.61499995
-0.34481388
0.48508018
-0.3537961
-0.70856357
-0.37370425
0.42805073
7.1963033E-4
-0.75503653
-0.13897115
-0.5635609
0.024224306
0.41756877
-0.18456161
-0.3080232
0.36069664
-0.35858318
0.27451214
0.061086033
0.010831647
0.19072764
-0.010557736
0.1884207
0.07030558
0.15373187
0.22746213
-0.2624437
0.6116706
-0.3971734
0.57716346
-0.2981721
-0.9417955
0.47866246
-0.61168945
0.25317663
0.15983433
0.4224315
-0.7173741
0.63857275
0.57659155
-0.30529055
-1.0051148
0.7147688
0.13270114
-0.004780948
0.009632215
-0.3837538
0.60517156
0.6378956
-0.2506917
-0.06317235
-0.6260835
1.0314195
-0.64606833
-0.41935754
0.8094995
0.09368158
0.30828676
0.3442415
-0.4098332
0.13744128
0.3299085
-0.26684472
0.31388468
-0.64544654
0.16530132
0.37319246
0.5532003
0.18726541
-0.3855686
-0.23944473
-0.062001526
0.8765982
-0.28791857
0.47340703
0.3276513
-0.76168233
0.2740278
-0.010645458
0.14841294
-0.66603595
-0.3690443
0.67041576
-0.540028
0.43093118
-0.5584573
0.28800604
-0.05573951
-0.47731242
-0.20479001
-0.43643168
1.0274712
0.13795131
0.17096812
0.041906282
-0.078171276
0.30193236
-0.18775885
0.73400724
0.41733778
0.6394081
0.50555503
-0.4515039
-0.35843647
0.21286803
-1.1298293
0.14454457
-0.02477996
-0.22071691
-0.32784188
0.75093913
-0.6297835
-0.14235811
-0.5603322
0.7457699
-0.80511844
-0.15559915
0.21852028
-0.22649732
0.16103126
-0.40421712
-0.23034427
0.11725221
-0.37859833
0.35531485
-0.11297769
-0.07897729
-0.52719295
-0.6101639
-0.3985721
-0.12052403
-0.18772341
0.43250594
0.96468323
0.22602996
-0.37342393
-0.53770065
-0.41323704
0.5656842
0.71258235
-0.5497391
-0.6235225
-0.2490679
0.14657936
0.2520597
0.40767878
0.40539458
-0.17058599
-0.573733
0.12055007
0.2999493
0.031253736
-0.15486686
-0.2576212
-0.1804752
-0.33868355
-0.12601696
0.8996676
0.2531713
0.25707343
-0.96249187
-0.3122905
-0.15235987
0.038067058
-0.5148219
-0.09587687
1.0971972
-0.37543553
0.31353366
0.257802
0.10119502
1.1029003
0.19444616
0.48963314
-0.9452178
-0.47695744
-0.16625588
0.66776955
0.11621736
-0.26901388
-0.17974824
0.26850718
-0.5401219
0.6033924
0.3084254
-0.07280305
0.50291127
0.65839916
0.14415772
-0.1188409
-0.7347565
0.32354835
0.30306265
0.61152434
0.13899727
0.37138715
-0.1801811
0.11655398
0.27664974
-0.39653438
0.5587336
0.12224816
-0.8929579
0.5646526
-0.26332393
0.5608511
0.5504039
-0.61281794
0.21396089
-0.05802029
0.008189351
0.50521374
0.24240884
-0.39406672
-0.061031096
0.5310635
-0.5604541
-0.045429233
0.13650623
0.4082294
-0.17618658
0.15632994
-0.75896585
-0.12458916
0.19516777
1.1255001
-1.0708959
-0.07444578
0.35931304
-0.35433626
-0.29424056
0.44605637
0.80095315
-0.24945371
0.28324306
-0.4727282
-0.4325908
-0.34197503
0.6599037
-0.056397915
0.49693504
-0.02898963
-0.33076122
-0.6748761
0.7047767
-0.45495576
-0.0615745
0.5748778
0.16369462
-0.11064862
-0.46259972
-0.76513904
-0.79393476
0.9334808
-0.33324474
1.0546027
-0.56229985
0.6110145
0.030107198
-0.51663005
-0.12644626
-0.26940173
0.7092615
-0.4612298
0.78290594
-0.8167049
0.57977754
-0.5270486
0.8765679
0.20896478
-0.7784899
-0.3709363
0.7865799
-0.6626191
-0.58980715
0.5940109
-0.56083983
0.13800329
-0.61194694
0.594945
-0.24437675
0.39292037
-0.43755004
-0.0679109
0.27210537
-0.46452314
-0.005972725
0.92205083
-0.23558326
-0.4740643
-0.49182606
0.3932966
-0.092668444
0.67208266
-1.3402095
0.088649526
-0.6133718
-0.8755106
0.22602917
-0.11861115
-0.08469395
0.60646826
-0.111102685
-0.13247566
-0.10056258
0.58891857
-0.59611666
0.6016656
0.27329388
0.40468723
-0.2997631
-0.15181714
-0.30581897
0.1644261
0.08386005
0.5715165
0.37549645
0.033001155
-0.4692165
0.18369181
0.4025435
-0.63111943
-0.5619389
0.22888596
0.12899002
0.26207688
-0.7725622
-0.59163624
0.86290544
0.10563081
0.5702306
-0.7915257
-1.1620324
0.15484574
-0.19443649
0.6775565
0.23845142
-0.566451
0.110521436
0.8330517
-0.6290246
-0.002603336
0.4607797
-0.3596984
-0.4220281
0.64812195
0.13173608
0.67563665
-0.25944856
0.57296467
0.39948735
-0.13814066
-0.29862666
0.33973786
0.15990762
-0.7035901
-0.43900275
0.021390716
0.25659776
-0.25782067
0.27621964
-0.004045375
0.21998583
-0.11776287
0.5595977
-0.6807408
0.16318208
-0.44956666
0.3792283
-0.44782266
0.4286753
0.38564265
-0.36051467
-0.622558
0.43216828
-0.07573564
0.4744231
-0.3951481
-0.44479594
0.5947386
0.23209505
-0.48902768
0.33118388
-0.95686346
0.31063458
0.18946096
0.07730505
-0.3003984
-0.60835314
0.84554034
0.044474706
-0.58837724
0.27142453
-0.32838103
0.66090375
0.27382833
0.23635563
-0.0699864
0.32573092
-0.40290594
0.49297756
-0.29140508
0.73468405
-0.65926987
0.4205134
0.25322855
0.22778013
0.14067926
-0.64612836
-0.10834786
0.19829895
-0.8151419
-0.2925557
-0.8824306
0.066048786
-0.18666583
0.45163217
0.49682403
-0.114496924
0.12090251
-1.1923642
