0.42533484
0.15304123
-0.05386589
0.58945113
-0.16197841
-0.7551225
-0.32172617
0.43710622
0.32999167
-0.52103704
0.027355699
-0.2506294
0.4214275
0.11279633
-0.22856483
-0.16542979
0.27231047
-0.8835263
0.72722715
-0.24761474
0.58805096
0.5996033
-0.30957925
0.34269702
-0.38250518
-0.2804537
0.34696227
0.28992826
0.0870554
-0.4799017
0.17712113
-0.5796697
-0.630548
-0.28778458
-0.016395854
-0.3234986
0.67299265
0.23748463
-0.6351681
0.15243106
0.20986952
-0.2160063
0.8701342
-0.26218292
0.77288705
0.4084815
-0.6247037
-0.5759379
0.710655
-0.8044113
0.25514507
0.24461426
-0.10905048
-0.28400895
-0.48292533
0.48214856
0.16145955
0.0036487228
-0.27761886
-0.12465955
0.29657912
-0.36134285
0.27596927
0.09654931
-1.19129
0.021389257
0.28508857
-0.3316134
1.1564767
-0.19626708
0.6534076
0.089485645
-0.2038718
0.6095655
0.035620164
-0.39258164
-0.7851897
-0.5681656
0.118932925
1.1836377
0.3759355
-0.0072186273
0.37890244
-0.5881566
0.039795797
-0.8444903
-0.46661714
0.6399369
-0.15436913
-0.15370327
-0.12824218
0.33566916
-0.81127614
0.6616565
-0.25749904
0.27475896
0.6370004
-0.060488284
0.5247256
-0.8159371
0.034199107
0.09389384
0.11209659
-0.20685196
0.047341377
-0.44930208
-0.58963263
0.1503575
-1.3094152
0.041794993
0.8181813
0.5106303
0.9593501
0.31021318
-0.31813416
-0.6810432
-0.57519716
0.262633
0.16069725
0.2799637
-0.14690913
0.37279904
-0.354228
0.42790386
0.4642655
0.51067615
-0.11181072
-0.48831725
-0.13687243
0.616514
-0.12665918
0.120003045
-0.49467644
0.42250812
0.101907104
-0.576964
0.13656199
0.10356146
-0.24978493
0.3202304
0.074125424
0.28093204
0.07730932
-0.69181484
-0.75361264
0.7158539
0.10705772
-0.51099414
-0.3482182
-0.1619742
0.4577254
-0.13029613
-0.3182198
0.35707626
0.19218466
-0.2987305
0.34860972
0.5490598
-0.11475496
-0.1467551
-0.16564618
0.21634817
-0.022219865
0.25980335
0.45926774
-0.15994222
-0.46690214
0.46376938
-0.3281127
0.49973625
0.21335028
-0.5045402
0.09510197
0.0479646
0.07482024
-1.379632
-0.048613563
-0.47198454
0.095778905
0.22609776
0.44368196
-0.05120022
0.17982927
0.25930277
-0.16112356
-0.32026273
0.2914429
0.33884424
-0.539415
-0.30764896
0.39127353
-0.4124815
-0.03816157
-0.016600855
-0.29838905
0.04629189
-0.20843126
-0.22287771
0.76787317
-0.10172898
-0.61846983
0.21636981
-0.18411675
0.23261383
-0.09180345
0.46959296
-0.56434184
0.23889077
0.12209379
0.6271453
-0.46326968
0.23715246
0.41610533
0.11446992
0.7320578
-0.7338228
0.28691515
0.20534934
-0.9647891
1.134083
-0.77268505
-0.19271798
0.7438342
-0.054436937
0.09468336
0.56714344
0.019690013
-0.118503
0.051196788
0.3809664
-0.22345869
0.0031718202
-0.29794422
0.39913896
-0.21896559
0.6201729
-0.15632227
0.010356304
0.7632167
0.53085536
-0.11199833
0.17714123
0.30505803
-0.16026361
-0.31248185
-0.022176696
-0.31028873
-0.7143687
-0.16673133
0.8523159
0.108723335
-0.41165483
-0.045333173
-0.22178055
0.68160415
-0.06575329
-0.13563268
0.22499745
-0.13983513
0.041320145
0.2707561
-0.0154745625
-1.1539949
0.6080697
-0.29088908
0.4133947
-0.11601129
0.37886727
-0.30005363
-0.43442774
1.2521648
-0.40664956
0.6463227
-0.43812793
-0.24584682
0.3549194
-0.48600757
0.337379
-0.6741329
0.16349639
-0.55058134
-0.5137304
-0.039849248
-0.010739941
0.23736848
-0.19122362
-0.36301664
-0.2816941
-0.2107113
-0.42850384
-0.37354115
0.21677072
-0.42017063
-0.3732573
-0.7716231
0.3541241
-0.73098403
-0.30911076
0.58415836
-0.64266056
0.21615145
-0.36682627
0.14068726
-0.020575121
0.04994155
0.1780202
-0.11305263
-0.09652424
0.5424491
0.49381736
-0.109858155
0.5254533
-0.12306381
-0.8683201
-0.28973982
-0.28470048
1.0785353
-0.46566385
-0.19682264
-0.38238698
0.5983816
-0.14488071
-0.41170344
-0.6536549
-0.42630655
0.18127826
0.4128241
0.23764336
0.31818295
-0.34591153
-0.19422227
0.38602293
-0.02278862
0.09721212
-1.0994964
0.01373477
-0.79307383
-0.08032361
0.72664225
-0.6864225
-0.27882996
1.2118312
0.5843468
0.028957631
0.68096364
0.030667612
0.1445123
0.14001532
-0.11179119
0.2761595
0.33818683
-0.27217382
0.16432895
0.67841387
0.16995515
-0.30364436
0.9276411
0.28372258
0.2729171
0.18346433
0.38736397
0.67737377
0.8576707
-0.4014711
0.33696023
0.07404765
-0.4852091
-0.4970437
0.17840077
-0.63412696
-0.0028058714
-0.025505265
0.05939034
-0.58980113
0.12496862
-0.056333836
0.6739615
0.033733577
0.61496884
-0.5384043
-0.4866681
-0.48806876
0.39519215
0.67071366
0.11194736
0.5123677
-0.46764034
0.96149665
-0.5853492
0.06544057
0.0033407533
0.4411883
-0.15837593
-0.2582119
0.0025078524
-0.18258476
-0.24365573
0.7670893
-0.17043306
0.35336554
0.1321951
-0.6473455
0.0062365755
1.043307
-0.9324145
-0.16980585
-0.8155606
-0.5138182
-0.30646238
-0.2618449
-0.3166841
0.14727035
0.33944657
-0.7912875
-0.11251295
0.27819338
0.34610826
-0.21815318
-0.8543424
0.14561227
-0.007317326
-0.59532183
-0.669249
0.27849436
-1.054935
-0.9481069
0.16443612
-0.59114593
-0.062311236
0.58444536
-0.01676281
-0.034090504
-0.07428601
-0.12446921
0.35218316
-0.14579077
0.3651712
-0.25573367
2.2441002E-4
0.20749696
-0.41815507
0.91428006
-0.54457927
-0.089180596
0.39320716
-0.48963484
0.08572207
0.21293591
0.29580203
0.17839259
0.18025663
-0.06272061
0.58938116
-0.4671756
0.48634085
-0.34392935
0.4907035
0.17437357
0.25284865
-0.3063357
1.0111395
-0.26329267
-0.30024132
0.41057548
-0.09536285
0.25011322
0.31745705
-0.70681447
0.68954146
-0.101657294
0.58836955
0.20296328
0.08471661
0.44096446
-0.09733873
-0.41586304
-0.24080423
-0.279893
0.071660414
0.4511368
-0.2351114
0.26597825
0.07875143
-0.10083123
-0.80468094
0.5864924
0.09979423
-0.1508417
0.94057024
0.36248815
-0.13426472
0.5096556
-0.16755089
0.12720916
-0.323444
0.20013304
0.08560796
0.33110657
-0.41535458
0.9152855
-0.48980945
0.029001003
0.24291374
-0.15363237
0.16410714
0.14521195
-0.17111672
0.38784721
-0.08996899
0.5052552
0.036860213
0.253849
-0.33571044
-0.41004777
0.33328295
-0.627841
0.410316
0.39969227
0.22373597
-0.9162217
8.5494714E-5
-0.5950232
-0.0033835855
-1.0369126
-0.20366094
-0.4034952
-0.03556021
-0.25718036
0.068685286
0.36311877
0.74061155
-0.23922001
0.016579729
-0.7537266
0.29572743
0.35535035
0.0590067
0.15593909
-0.15365809
-0.0076892735
0.42832366
0.17363925
-0.57947075
0.255513
0.5947195
-0.8819626
-0.2442537
0.50251603
0.1852298
-0.35057622
0.65224594
-0.07349892
0.2398624
0.24392581
-0.74093413
0.100434504
-0.6081462
0.99505264
0.3461481
0.46396294
-0.4253698
-0.47918066
-0.20053701
-0.107114345
-0.75698256
0.042310454
0.01303307
-0.3701601
-0.8140337
0.46950915
0.25990403
0.087859325
-0.14317706
-0.04694337
-0.39463574
-0.140671
0.02534051
-0.0986245
0.06627445
0.3390956
-0.38387927
-0.28166595
-0.5382545
0.49775028
-0.2205851
-0.05710361
0.31015173
0.5540994
0.29976708
0.5890214
-0.7204032
0.046067767
0.26779917
-0.50041544
-0.046038996
-0.5265179
-0.1255927
0.6524055
-0.12854156
-0.08725784
-0.56079966
0.08732457
0.6411238
0.3139858
-0.508327
-0.27145776
-0.3439063
0.3959327
-0.023111597
-0.32529664
0.27626342
-0.43619612
-9.681017E-4
0.86794275
-0.40371442
-0.36805585
-0.014006362
-0.38147554
0.8732521
-0.1337468
-0.37366393
0.08032952
-0.88630784
0.5067448
0.054310005
0.03372704
0.008233568
0.16717418
0.06753589
0.3898031
-0.23801205
0.186376
0.4501823
-0.92057246
-0.43881214
0.29016316
-0.29340395
0.29472706
-0.16506036
-0.17495209
-0.26917243
-0.01600063
0.33387053
-0.72926795
0.63584626
0.2595016
-0.38953385
-0.17946489
0.4151948
-0.33346406
0.36841458
-0.8739378
-0.022398392
-0.17685588
0.36022455
-0.30191228
0.29314384
0.14520952
-0.03546021
0.34716716
-0.026788773
0.052964278
0.28697857
0.3379356
-0.060306605
0.14977093
-0.28190333
-0.50552535
-0.092826515
0.20992534
1.8902162E-4
0.723389
0.25543186
0.5871165
-0.5954273
-0.15491049
-0.34697938
-0.06746716
0.020600628
-0.096352436
0.6588483
0.16255812
0.18792415
-0.07095212
0.012632966
0.21621175
0.22576293
-0.108238444
-0.039164633
-0.6738846
0.9342072
-0.55459803
0.4975468
-0.21331191
-0.279129
-0.09695688
0.17908381
-0.2584331
0.3387857
0.18979892
-0.035180066
0.18925624
0.18163621
-0.2325295
-0.14303611
-0.10076668
-0.35462132
-0.49902713
0.23461929
-0.52839214
0.58049923
-0.58340126
0.39095053
-0.1229991
0.045883887
0.090588555
0.79109734
0.7747967
-0.9834374
0.26033625
0.08596471
-0.358507
0.17496644
-0.11237045
-0.13913792
-0.20942712
-0.09259008
-0.18270673
0.06315496
0.024092203
0.28538144
-0.1687446
-0.5981127
-0.0686365
0.10596119
-0.36336803
-0.32134646
0.18284942
-0.20288914
0.17451838
-0.45124558
-0.06875222
0.43923628
-0.2773314
-0.1578477
-0.17722952
-0.015813434
-0.55457616
0.45977795
-0.36087805
-0.29102725
0.45668465
-0.071505696
-0.25465623
0.1977212
0.72775686
-0.6993904
0.026140094
0.22058512
0.53203666
-0.40524784
-0.26472673
0.47567675
-0.1293032
-0.89190036
-0.099639915
-0.73865455
0.20457801
0.4284168
0.038173337
0.6561087
-0.79774845
0.21061957
0.043063186
-0.7361748
0.39483738
0.4959627
0.18511707
-0.27641895
-0.70905924
-0.19873397
-0.32219493
0.36103386
0.2396102
0.6692999
-0.25931185
-0.311103
0.08439069
-0.12739073
0.099617
-0.15022969
1.0223954
-0.45608038
0.17864285
0.2192733
-0.39225307
0.505349
0.2533815
-0.07382928
0.52222425
0.07144707
0.35418817
0.4316292
-0.18597357
-0.0650216
-0.07690776
0.11635592
-0.35654658
0.87548006
0.12755331
-0.19534352
0.21089584
0.054520134
-0.26206687
0.22458714
-0.024528842
0.7201523
-0.18675354
-0.22803167
0.030455532
-0.18700384
0.21950196
-0.33422527
0.26546568
-0.10897427
-0.25959218
-0.03913882
-0.31041524
0.19882575
0.13451637
0.78437257
0.15722334
-0.35153177
-0.01286656
-0.57054913
1.131306
0.3404022
0.41055351
-0.6373031
-0.61658555
-0.036217943
-0.24327143
0.5997571
0.76171607
-0.0066759055
0.18948951
-0.6946898
0.37602782
-0.37267652
0.5840736
0.108010374
-0.5595015
0.84504944
-0.57567424
-0.21497355
-0.42642003
0.41416734
-0.34858078
0.39267927
0.003194878
-0.035092972
0.09090974
-0.03820814
-0.44854596
-0.4192455
-0.38794187
-0.1426813
0.105200715
0.40315244
0.14457987
0.18506366
0.06259498
0.020802543
-0.569096
-0.097329
-0.08412195
-0.0047428696
-0.33353958
0.6939606
-0.22094974
-0.0045770206
-0.3096446
0.12636271
0.012246007
0.067708574
0.32515475
0.2770265
0.062006727
0.26793995
-0.8026867
0.17401922
1.2078388
0.4365649
-0.45530048
-0.61622345
0.08593418
0.22928597
0.72247845
-0.7861466
-0.17354432
-0.44538075
0.21915723
0.34189382
0.5837615
-0.51198524
0.22522874
-0.54228944
0.11638302
-0.2709794
0.1987125
-0.11617398
0.046814855
-0.23441723
-0.04061394
-0.045114662
0.07486622
-0.7222687
0.7298731
-0.5586175
0.2970473
-0.16881423
-0.30134648
-0.43411347
0.7873173
-0.1483148
-0.33588138
0.05146301
0.144157
0.09005277
0.25877827
-0.010174151
-0.09040631
0.44058517
-0.19969976
-1.0452896
0.30922437
-0.25019738
0.13658741
0.08433671
0.45261365
-0.5105428
0.29860663
0.023851244
-0.25372753
0.1671684
-0.11766771
0.09608178
-0.4138505
1.1669424
-1.0055223
0.17702292
-0.6676838
-0.30580336
0.5195581
0.10288107
-0.5588328
-0.7951841
-0.31219092
0.66406316
-0.28799158
-0.2607859
-0.1013901
0.2541225
0.111222275
0.64410967
0.38872093
0.18100637
-0.34385717
0.049640108
-0.542685
-0.1697423
0.412293
0.11758129
0.13860509
0.46071547
0.12391405
-0.11550653
0.7559004
-0.5712714
0.5455963
-0.5165943
0.6506881
-0.3036444
0.25373644
0.6538611
-0.20465876
-0.5095328
0.23180354
0.47086763
-0.08827135
0.49083272
-0.09314419
0.16694455
0.42528751
-0.49779746
0.4794647
0.43826672
-0.73291767
0.37438428
0.21111475
0.40781742
-0.1821027
0.21659748
-0.4377196
-0.17462452
-0.16638121
0.08051242
-0.07202696
0.14766763
0.5074664
0.4052233
-0.08103552
-0.08608361
-0.010973137
-0.036896776
-0.4342213
0.5644475
-0.0444851
0.5446503
0.15580055
0.84563226
0.39401206
0.5452627
-1.468308E-4
0.12540546
0.380418
0.14776088
-0.29516304
-0.5246439
-0.30661696
-0.057960067
-0.35026777
0.08127004
0.701684
0.40763554
-0.54624027
-0.12691768
-0.3189722
-0.29181463
0.21911415
-0.08674554
-0.21227567
-0.14824387
-0.116064385
-0.29031616
0.12878871
-0.24458668
-0.17241457
-0.072310075
0.018960316
-0.54435784
-0.33649454
0.63824224
-0.06836121
0.19401401
-0.16744383
0.058966592
-0.112521425
0.44546255
0.30095375
0.11747996
-0.9063492
-0.06316653
-0.010736054
-0.08331184
-0.50552833
0.12408942
0.06839571
0.15374836
-0.24107881
0.33925033
0.030281182
0.046991244
-0.21739112
-0.6589005
0.15830202
-0.33787662
0.1949905
0.34529936
0.36418718
-0.98901814
0.29341307
-0.48228168
0.012179068
-0.4824421
-0.60351807
0.448403
-0.74266213
-0.7274862
0.11907538
-0.36498186
-0.47192624
0.67226714
-0.20780648
0.39229208
-0.527877
0.05373186
-0.48158276
0.40337858
0.117318355
0.5284715
-0.3375034
0.06017344
-0.14524582
-0.32042146
-0.031978168
-0.3434751
0.0014698834
-0.15343112
-0.12451573
0.05587201
-0.2814974
0.024715682
0.025737088
0.22545001
-0.0056465426
-0.26057842
0.16794665
-0.8328402
0.17140993
0.13517058
-0.45825037
-0.24849713
-0.1958284
-0.2822001
0.32655123
0.081913896
0.025925932
-0.27062404
0.32953733
0.29883662
-0.92119527
-0.075094834
-0.49027625
-0.5189695
-0.12316102
-0.1787663
0.21890746
0.039124142
0.17067215
0.032635435
0.57249373
-0.21949959
0.27267662
-0.42496037
0.30371678
-0.58871293
0.7697585
-0.48772642
-0.29856235
0.31082633
-0.3314312
0.041942008
0.09881094
-0.008323134
0.35129339
0.323569
-0.2933062
0.020468052
0.69211215
0.17717305
-0.22299433
0.029433819
-0.22081564
-0.099561706
0.23673406
0.26486582
0.06539184
0.5514473
0.24711996
-0.31083137
0.14286305
-0.83327353
-0.34592405
0.053374186
-0.07575438
-0.37841025
0.04176775
-0.48001432
-0.7267412
0.20203258
-0.48916665
0.5879424
0.2239586
0.3268419
-0.07400148
0.11180613
0.22345065
-0.63376474
-0.25076413
0.17202133
-0.6751183
-0.07732225
-0.18234023
-0.6338917
-0.29137462
0.09506662
0.23233043
0.2568076
0.33561975
0.17293635
-0.11862431
-0.16268653
0.22262162
-0.22332612
-0.08308147
-0.48096308
0.120735124
0.34495467
0.77849054
-0.47485322
0.42240152
0.30295005
0.5941288
-0.37014437
0.33114326
0.2631701
-0.2537753
0.8082117
-0.16326852
0.35263184
-0.75833654
-0.1098291
0.10644718
-0.19910425
0.4079954
0.092403606
0.2891977
-0.31235674
0.31211936
-0.24114172
0.44200075
-0.5315687
0.027106036
0.25156718
-0.4953029
-0.042659774
-0.5016265
0.5114637
-0.5101423
-0.33811226
0.124160305
-0.25973067
0.1455655
0.022701422
0.65276057
-0.1775856
-0.25202653
-0.33041134
0.6827472
-0.07806824
0.026233088
-0.13459684
-0.32137275
-0.3942888
0.12654693
-0.1590644
0.52857333
0.025616562
-0.5398463
-0.48069778
-0.06394811
-0.13467638
-0.30053478
0.36885718
0.41400018
0.17497656
-0.0317692
-0.3457671
0.6887328
0.11746223
0.09878175
-0.07610174
-0.47550318
-0.40759444
0.39189342
-0.25549
-0.26207438
0.3706894
-0.17608003
-0.22349975
0.57611173
-0.60327697
-0.18726043
0.74454546
0.36471194
-0.33697212
-0.44962555
0.004714607
-0.42061058
0.08150866
-0.74983364
0.7858283
-0.2783616
-0.34813216
0.3585007
0.928655
-0.19981737
0.8213326
-0.1865653
0.98287916
-0.6383283
-0.4024949
0.3755715
-0.20030342
-0.58507735
-0.38455036
-0.114085846
-0.49181414
-0.19018239
0.32097673
-0.21705483
-0.18343925
-0.4561365
0.28539288
-0.578973
0.24897249
-0.38739365
-0.058349814
-0.2911471
-0.10004804
-0.71308917
-0.64456743
1.0059738
-0.028163383
1.193349
-0.31574577
1.0277534
0.17634095
-0.6583784
-0.25246066
0.4905625
0.10050064
-0.5923413
0.113473624
-0.35981542
-0.55963606
0.3527403
-0.38213244
0.8152431
-0.35827333
0.5533011
-0.17240167
0.30641422
-0.24800299
0.058164336
-0.5321173
0.54854316
-0.32880118
-0.7968089
0.6343359
0.2433352
0.10043467
0.56462353
0.07845778
0.26863188
-1.0392196
0.6123822
-0.15110222
0.27399078
-0.557275
0.46849352
-0.27995408
-0.49146476
0.45159775
0.48518875
-0.68436307
-0.46752802
-0.33376437
0.17773649
-0.127477
-0.15763138
0.6554086
-0.5265809
0.02294188
-0.30443737
-0.48682
0.36565453
-0.55769265
0.5194283
-0.3423527
-0.17397082
-0.28307578
-0.09630504
-0.44113633
-0.29224393
0.42378086
0.03108953
-0.26271024
-0.8226134
0.6369098
-0.5711222
0.30990413
-0.005760067
0.41443795
-0.5102533
-0.49886036
0.5537534
0.11815423
0.5518612
0.46615344
0.20473635
-0.5637309
0.21967871
0.20313331
-0.31825027
-0.118956625
-0.61525124
-1.0646162
0.46248823
0.16128242
-0.027945857
0.7453729
-0.49930358
0.20836015
0.15196963
-0.13120978
-0.056456346
-0.6776351
0.24785319
-0.6720762
0.1403793
-0.118180476
0.3354574
-0.16531046
0.19414426
0.2937536
0.0903089
-0.6020048
0.24754693
-0.49081403
0.87801945
-0.62300617
-0.09766707
0.03438371
-0.4098239
-0.7172539
0.10991043
-0.44998983
0.5121193
0.33459997
-0.4848392
0.11991043
-0.47844976
-0.33508527
0.21966031
-0.24245459
-0.3620992
0.3914797
-0.21295397
-0.17795694
0.0133883
-0.10116786
0.42410147
0.41543794
-0.43654296
0.08759669
0.2957961
-0.023163954
-0.4184729
0.37235895
-0.6640183
-0.08653759
0.07724623
-0.4470137
0.77292204
-0.5458208
-0.08183747
0.2914792
-0.42057106
0.59603477
-0.41775233
-0.32714668
0.19749631
0.67320657
-0.35003573
-0.09634091
-0.29508018
0.681705
-0.45621914
0.23904908
0.46169838
0.015855657
0.6890415
0.3948883
-1.1381296
-0.2797128
-0.099269964
0.15701707
0.18658425
0.19461216
0.7418549
-0.10366134
0.095603935
0.59881204
0.24583144
0.015152982
-0.3439278
-0.20266712
0.23627084
0.09491198
0.1720012
-0.018965775
0.08586734
0.34706917
0.23078704
-0.10321604
0.05230479
0.0660317
-0.20463498
-0.39627987
0.23434424
0.28615272
0.35155317
0.35408127
-0.25841752
0.619979
0.3637452
-0.011725744
0.24690461
0.16900414
-0.65084225
-0.703149
-0.32281592
0.71161115
-0.30017096
0.38430756
0.2777665
-0.34956732
0.152087
0.234344
-0.008439758
-0.06879375
0.81107146
0.3362296
-0.7631859
0.19029687
0.009776321
-0.65215385
0.60441613
-0.13000816
0.06735392
0.08932948
0.03915681
0.36237743
-0.42692792
-0.898708
-0.36849692
-0.21617547
0.4806596
-0.068846144
0.05925745
-0.18834
-0.1660432
0.077933356
-0.5792543
0.27460313
-0.043390214
-0.361343
-0.328409
-0.41171935
0.27047557
-0.15695184
-0.21129884
0.44077355
0.16413982
0.39976698
-0.36804238
-0.75103706
0.23253687
-0.046125885
0.73165876
-0.28374213
-0.05101175
0.25317302
-0.5787235
-0.17712127
-0.35811934
0.12512179
0.010388924
-0.32419485
0.021692405
-0.4390572
0.09980334
-0.25423136
0.3619625
-0.3285272
0.39509082
-0.28966966
-0.23384582
-0.37507743
0.020988101
0.33501026
-0.4646414
0.22999966
-0.46148655
0.48663643
-1.1066141
0.23846982
0.18185803
0.881033
-0.5326412
0.6875634
-0.29387957
-0.32511762
-0.088338606
-0.23193721
-0.43219277
-0.3986836
0.23598132
0.6591853
-0.32851303
0.42830813
0.07361857
0.027884118
0.17832601
-0.42618904
-0.266885
0.05400537
0.16298704
0.15928695
-0.11469204
0.71538705
0.62025326
-0.46791777
0.028344028
-0.5630264
0.2722146
-0.16984992
0.18018234
0.14964293
0.095404744
0.13702486
0.5443401
0.56592065
-0.60027313
0.3760876
-0.41697475
0.0075423177
-0.57847726
0.6868426
0.43010375
0.0709223
0.24649352
0.190489
0.19910844
-0.2620597
-0.2127386
-0.06627588
0.11177242
0.51675314
0.17412777
-0.11653555
-0.23027045
0.07566746
-0.3087755
-0.041783877
0.22304596
0.08429151
-0.4024019
0.20146024
0.4528233
-0.12325651
0.89038724
0.12504734
0.39115638
0.20859708
0.26126078
-0.40162292
0.5604645
0.14340584
0.7069975
0.13092212
-0.55807745
0.6745481
-0.10679204
-0.38748023
0.02349316
-0.17864932
0.179755
0.38836655
0.2427134
0.14686644
0.5565976
-0.44250745
0.5214264
-0.17465203
-0.6558719
0.76982707
-0.70731306
0.7475891
0.2063674
0.1748193
-0.13605349
0.24608286
-0.038179748
0.15348822
-0.15938638
-0.05217389
0.30428764
0.2923714
0.1228929
-0.13362205
0.51365125
-0.63037544
0.036508046
0.20511006
-0.020215632
0.067280285
0.2684176
0.24758397
0.29199317
0.21447077
-0.68534255
0.03089539
-0.57214516
-0.08277794
0.5305074
0.33706924
-0.10523448
-0.20432758
0.33369333
-0.29949275
0.21948819
0.22190031
0.34141117
-0.04523667
-0.16881315
-0.7834412
-0.06807171
-0.75125074
0.14723413
0.1444953
-0.42869166
-0.1607233
-0.5774379
0.06573574
-0.116842285
-0.2818009
0.7989693
-0.33657718
0.13566679
-0.36694375
0.4013611
0.5610504
-0.1276724
-0.16595015
-0.09799448
0.6195921
-0.21058215
0.17052157
0.18709508
0.24145542
0.189793
0.004731193
-0.57960445
0.61008155
-0.47885215
-0.08820272
0.022109237
-0.05182246
-0.30668986
-0.13308983
0.19832967
-0.32285497
0.04089329
-0.04020775
0.56416535
0.41087437
-0.36853474
0.24245737
0.14678328
0.20868698
-0.118045665
-0.14173917
0.8543477
0.4389081
-0.0039262036
0.19373602
-0.25492656
1.087506
-0.29918155
-0.36105493
0.067111604
0.53139293
-0.5580241
0.42082754
-0.25620016
-0.3057164
-0.35926798
0.20676203
-0.36086076
-0.15665226
-0.23477574
0.16614747
-0.68021667
0.4378272
0.6987738
0.85383993
0.4104849
0.38200378
0.033046093
0.06097844
0.095682286
-0.2839289
0.4343557
0.3323017
-0.164073
0.40162584
-0.14860934
0.74573827
0.51304513
-0.18843871
0.19291405
-0.48555893
0.3595839
-0.15615863
-0.42366707
-0.1677313
-0.16487731
0.16168007
0.12328715
0.51684034
-0.35676962
-0.26765212
0.6463719
-0.34755412
0.27724707
0.062356316
-0.45255348
-0.14705525
-0.532986
0.21254581
-0.1493765
0.34164086
-0.22932884
0.53581244
0.40936884
0.046589617
-0.04725149
-0.29009855
0.29272684
0.13117778
-0.100927345
-0.26078188
0.43751737
-0.1862197
0.23780254
0.042806268
0.22577003
0.5521452
0.19733015
-0.114809476
-0.06997328
-0.5611457
-0.7528893
-0.50079334
-0.36608964
0.9294821
0.10052912
0.1472439
-0.46882477
-0.26934788
-0.43587908
-0.012519512
0.40418234
0.14275065
-0.43566418
0.7553895
-0.39857265
0.40117475
0.7937951
-0.45390671
-0.06660791
0.13294946
-0.07631139
0.32132834
-0.07405379
0.32344764
-0.17803082
0.1799737
1.0062585
0.17499766
0.2037473
0.27755618
-0.42821044
-0.046562456
0.072097346
-0.21370627
-0.041849032
0.0717086
0.30979967
-0.115468085
0.4885416
0.59603053
0.433332
-0.2132965
0.29949436
-0.13396794
0.13952866
0.044556167
0.36895072
-0.16389647
-0.2801722
0.7778992
0.5746995
-0.5430242
0.8752035
-0.21335843
-0.7638809
1.3727887
-0.4242085
-0.3431671
0.19485335
0.11799686
-0.05330024
0.3550545
-0.06779707
0.71227485
0.15508088
1.3315995
0.17198803
-0.71413004
0.10595613
-0.73633546
-0.22038168
0.22504912
-0.027719496
-0.14690626
-0.07972577
0.19909276
-0.1862192
0.6033169
-0.987828
0.038191978
-0.7168965
0.35849684
-0.10945176
-0.31797752
0.12503289
-0.15885839
0.5505889
-0.72775567
-0.16382648
-0.20048933
-0.521255
-0.7450922
0.24578638
-0.42879015
0.24633673
-0.32664108
-0.21625333
-0.026423402
-0.0122666
-0.6265377
-0.21401891
0.3591202
-0.70927966
-0.38189405
-0.062256373
-0.37500718
-0.6254764
0.5703751
0.005921378
-0.011238672
-0.583282
0.036214583
0.15718096
-0.29214144
0.029494924
-0.5287407
0.3721108
-0.019621417
0.9978948
-0.31963974
-0.061346974
0.20411651
0.15379618
-0.8072517
-0.62454265
0.21887933
-0.2819572
-0.07668407
0.1505768
-0.17327687
0.3159992
0.101393595
0.36593065
0.64317197
-0.41669264
0.68170464
0.097465135
-0.21008894
0.061954297
0.16829777
-0.27527255
0.26823875
0.22613718
0.6658999
0.08440377
-0.38887122
0.31865698
-0.07169897
0.4041784
-0.8773855
0.71679026
-0.3943157
-0.0645774
0.22958574
-0.033223063
0.15576611
0.6055217
-0.04926647
0.016007124
-0.22831103
0.29218397
0.21767733
-0.35326263
0.7355842
-0.17729765
0.6727747
-0.18316275
-0.07237411
-0.030632937
0.05633639
-0.45131657
0.62655324
-0.82698613
0.25231487
0.23747754
0.048018876
-0.12941566
-0.2830601
0.14784902
-0.26957363
0.39322227
-0.7950206
0.1005674
-0.5198133
-0.28642464
0.06227599
0.4232617
0.014245481
0.70237124
-0.11340917
0.43593702
-0.0896255
0.82018435
-0.50647515
0.10463929
0.60931635
-0.60166967
0.4218199
-0.55688256
-0.09322037
-0.07188429
0.05909351
-0.69966877
0.7558346
-0.22488365
0.09839367
0.087194905
-0.35222784
0.5902312
-0.31616682
-0.17899352
0.031749
-0.26822013
0.72323054
-0.57194555
0.53707194
-0.26204163
0.28125012
-0.14919108
0.043478683
0.01959444
1.0090998
0.37561694
0.5365304
-0.30326882
0.026445668
0.40601674
0.23586848
0.7055216
0.26658735
0.2814981
-0.13829945
0.54571265
-0.25312817
0.46372953
-0.3192334
0.45907956
0.06025614
-0.37677944
0.14210571
-0.37643716
0.85439575
0.11207445
0.512918
0.0712816
0.044544276
0.6532705
-0.3721918
0.4287583
0.1072006
-0.24072833
-0.6300688
-0.03783439
0.12687233
-0.10198301
0.19095032
-0.6824002
-0.72309667
0.6720343
-0.3935278
0.53849137
0.13867366
0.32546365
0.1718574
-0.5509006
0.5040938
0.19562441
0.11861451
0.13804597
-0.4811781
-0.31860426
-0.3092414
-0.0903108
-0.053261906
0.69831765
-0.36886334
0.37201622
-0.74229556
0.21736476
-0.31948498
0.75622934
0.3600966
-0.6444486
-0.4276064
0.67035204
-0.34296793
-0.36584666
-0.7021152
-0.122983985
-0.3992864
-0.856949
5.955855E-5
-0.1582494
0.1844471
-0.51346165
-0.5472593
0.12532163
0.7090238
-0.26667428
-0.018640263
-0.16200525
-0.1909049
0.29084107
0.3174132
-0.34893802
-0.39634162
-0.20120087
-0.38536984
-0.2390574
-0.06611112
0.31664038
0.5150865
-0.32113555
-0.28644642
-0.15787895
0.8460614
-0.07442114
0.035263278
0.5379117
-0.07668698
-0.23711985
0.37882942
-1.1869137
0.61249334
-0.16497803
0.09449338
0.14467065
0.14330725
0.07028419
-0.67969424
-0.12091388
-0.6201717
-0.5006579
0.55081874
0.1638695
0.7946836
-0.30508423
-0.28432527
0.21408075
0.13436039
0.07782003
0.67597854
-0.16798505
0.14125939
-0.028608799
0.083008766
-0.6228046
-0.7116138
0.2785423
-0.34189627
0.6876169
0.2223129
-0.21957225
0.4665302
0.26384592
0.26378617
-0.47176218
0.6990939
-0.51024103
-0.70062846
0.2086845
0.12194576
0.15331873
-0.17882475
0.17103015
0.33978337
-0.10760204
0.21848741
0.118025444
-0.10655079
0.5010597
-0.39440566
0.34561563
-0.78007245
-0.9245748
-0.24041697
-0.5119716
0.16076693
0.08978092
0.17747545
0.09345106
0.43988883
-0.3370305
-0.15382512
-0.075383805
0.5048773
-0.6080496
-0.52107644
-0.4668424
0.2989719
-0.76607805
-0.11664621
0.13262476
-0.028605385
0.374341
-0.33790424
-0.31836107
-0.1288886
0.17712869
-0.28711948
-0.03656765
0.78926355
-0.27319843
-0.28776762
-0.07739809
-0.7012262
-0.24835907
0.35407072
0.01767944
0.06403618
-0.44923767
-0.51154965
0.15927711
-0.3370699
0.07923358
0.683923
0.42220256
-0.4228256
0.36623052
0.52197564
-0.24768347
-0.11810759
-0.93925166
-0.4139011
0.13551752
-0.21507211
0.20586526
0.14136551
-0.48915145
-0.12648071
-0.35338864
-0.18777043
0.6198069
-0.24625815
0.1254197
0.48330572
0.26915002
0.073277965
-0.12328767
0.110569514
0.58245146
0.15027677
-0.35772017
-0.605506
-0.20047735
0.10143595
-0.44526136
-1.0468718
0.22863741
-0.7827708
0.68627846
-0.29374862
0.8599149
0.110883825
-0.18511689
0.07807178
0.07373788
0.16063502
0.39100024
-0.4397016
0.2567618
0.06204308
-0.21680734
-0.13905714
-0.4548592
0.10016863
-0.068651065
-0.5386354
0.10712256
-0.21853247
0.7639804
0.4005045
0.008719936
0.020071374
-0.33023024
-0.020092316
-0.6500741
0.47995594
0.18533105
0.16140486
-0.5447205
0.33703664
0.46396726
-0.15685403
0.28685027
-0.36734295
0.30226493
-0.3106666
-0.13582131
0.24535817
0.44873494
0.22605161
-0.15947817
0.18865697
-0.5583464
0.044853404
0.30121797
-0.36490348
-0.36945528
-0.5517334
0.013606646
-0.395287
-0.24734125
0.7227182
-0.9575581
0.10240631
0.46056572
0.3541517
-0.031736977
5.576218E-4
-0.122809455
0.8700203
-0.27705985
0.24445039
-0.26341957
0.40493453
-0.76947075
0.23628727
-0.17290834
0.23202772
-0.43830752
-0.5367002
0.05386997
-0.30863458
0.61045384
-0.5275437
0.51619875
-0.42013085
0.31139305
4.234964E-4
0.045955326
-0.3854872
0.52031374
0.37300265
-0.25595358
0.37266648
-0.29549375
0.7025911
-0.97223514
0.15635352
-0.014660849
0.011744097
-0.9064829
0.312342
0.3885197
0.03711078
-0.12988293
-0.32604137
-0.06836625
0.0970267
-0.61644363
-0.36931843
0.46812168
-0.21385266
-0.050885756
0.6141183
0.25000092
0.2067005
-0.22450319
-0.22411744
-0.08099312
-0.013080759
0.09647647
0.58317447
-0.11574178
0.7504582
-0.24346218
-0.08580179
-0.013991477
0.35654894
-0.5737487
-0.523283
0.3500907
0.4160903
-0.42929113
-0.046786934
0.13509503
-0.2505256
0.66885895
-0.14252111
0.07385652
-0.34346274
0.32862926
-0.45591536
0.7526582
-0.30152363
0.63660026
0.051983867
0.1857556
0.012642547
-0.037992176
-0.4020007
0.24374296
-0.4378311
-0.31326085
0.52944994
-0.15823296
-0.102036364
-0.23950323
0.046232544
0.19621901
0.06661209
0.2596961
-0.6001865
0.15925302
0.297123
-0.058754493
0.17994529
0.36316112
0.32245
0.45220298
-0.15555453
0.03152996
0.22226457
0.07639903
-0.23934522
0.18798819
0.47035804
0.049537737
-0.8905129
0.12979952
-0.22470106
0.6588651
-0.45827603
-0.008447112
0.31176046
-0.6178619
-0.12831588
-0.508903
0.48940033
-0.13967533
0.35806274
-0.46628618
0.19412422
-0.2855889
0.9084474
-0.52652097
-0.80808413
0.5513253
0.5457585
0.027458822
0.6004205
-5.693191E-5
-0.20644943
-0.03694223
-0.107952334
0.24909565
-0.094256535
0.45196185
0.35424528
-0.22260314
-0.5842424
0.8134714
-0.24446176
0.19252403
0.15978244
0.039991193
0.389766
-0.117494754
0.09759532
0.12228193
0.12737061
-0.56262106
-0.036537074
-0.033984065
0.73844
-0.29424828
-0.050491102
-0.46298358
0.13966858
-0.12321072
-0.35331064
-0.11385606
0.0956021
-0.78032666
0.15952925
-0.11372366
-0.22520569
-0.5009304
-0.07154595
0.49999377
0.06202514
-0.20500839
-0.18350981
0.099459514
0.109295815
0.060033955
0.074508205
0.0048634093
9.53472E-4
0.15740152
0.13149597
0.20566529
0.45208982
-0.3979416
0.11489753
0.33574656
0.34585884
-0.03405251
-0.20590383
0.08016409
-0.19046801
-0.027966551
-0.2246846
0.18542354
-0.1637147
0.1763729
0.2602709
-0.6256292
1.0351213
-0.700108
-0.051156163
-0.64325595
-0.16261083
-0.12698168
-0.18060899
-0.025244014
0.019245017
-0.13358428
-0.37972394
-0.73491323
0.14263812
-0.21250845
0.22764815
-0.7845681
0.6333644
-0.32170227
0.366943
0.45202714
0.19435583
-0.95780843
0.086491354
-0.052960582
-0.1893379
-0.06722631
0.40966308
0.25082934
0.2916135
0.30628237
0.0044166935
-0.015904643
-0.20724256
0.16612646
-0.9657008
0.2657647
0.52170026
0.24044475
-0.15525723
0.17792101
-0.23744987
-0.34101814
0.08172618
0.055014964
-0.34164107
-0.25119343
-0.59810007
0.22256377
-0.016158465
-0.33318114
-0.6322071
0.17494503
-0.38243142
-0.14625597
-0.15053882
0.6572035
-0.04143302
0.35515398
0.18618168
-0.3337322
-0.38922566
0.44678375
0.113485485
0.5615973
-0.85031503
0.29542792
-0.5742176
0.5949973
-0.41548368
0.021691097
-0.104689136
-0.04962206
-0.015663115
-0.3093703
0.28617886
0.19660433
0.07761914
-0.3896894
-0.4749099
0.34810722
-0.74685097
0.0922492
-0.25532588
-0.33931914
0.45211205
0.21698156
-0.43914577
0.22356158
0.3446695
-0.062364623
0.14910698
-0.67455983
-0.75051785
0.635818
-0.5974837
0.7976514
-0.4710006
0.25150216
-0.13790236
0.17663476
-0.24259032
-0.29033226
0.02146121
-0.64247555
0.060947224
-0.06868702
-0.4644934
0.18063639
-0.43491757
0.79267526
-0.21902764
0.016670778
-0.30056787
0.56496257
0.20820652
-0.6378964
0.23532547
0.10533996
-0.51332855
-0.36059105
-0.20756388
0.29792383
0.28648615
0.120659105
-1.1009572
1.5589538
-0.50661856
-0.45461583
-0.13127053
-0.011671611
0.18969283
0.153102
0.16038905
0.036806356
-0.5254946
0.34426513
-0.32879958
-0.30023062
0.41695386
-0.3734658
-0.21341984
0.08149153
0.17418705
-0.6348605
-0.11687234
-0.26745674
0.5516008
-0.33980724
0.44430846
-0.2808243
0.7059646
-0.7127219
0.35921836
-0.12060291
0.61172867
-0.09750425
0.49162224
-0.039159127
0.14944628
0.18672663
-0.32446268
-0.042610448
0.30441839
0.47936407
0.07638163
0.2501297
0.2504392
-0.060856335
-0.59155506
0.08642124
-0.26635647
-0.2196603
0.42603892
-0.5158684
-0.117998786
-0.57448286
0.38240582
-0.8095931
-0.2862727
0.5062928
-0.041255977
-0.1814988
0.09290391
-0.23858146
-0.11715891
0.004016794
0.8247071
-1.1121666
0.09666111
-0.36170292
-0.47291112
0.728175
-0.3006041
-0.5415231
0.01786741
0.7951392
0.027310956
-0.44844058
0.24465305
-0.54235756
0.13682148
-0.13140775
-0.092639655
0.56953365
-1.0757831
0.14115511
-0.13414417
0.56096685
0.80604565
0.1687977
-0.0940284
0.21360151
-0.22373976
-0.0531143
-0.64223254
-0.38453734
0.12873514
-0.352252
-0.2539655
-0.08799307
-0.44763064
0.082052365
8.314889E-4
-0.2474707
-0.19302279
-0.014693358
-0.79760885
-0.022535903
-0.2783877
0.05523802
-0.22643512
0.29569227
1.0164882
-0.009181221
0.24271436
-0.79497653
-0.18108016
0.36300698
0.18157414
0.028137933
-0.26054722
-0.016939636
-0.020522907
0.34328926
0.39368373
0.775862
-0.6230535
-0.0082664285
0.17999071
-0.7541405
0.85277915
-0.24944708
0.3868374
0.8160851
-0.4434795
-0.1568694
0.4527182
0.54344535
0.34141228
-0.364262
-0.062356412
-0.26151434
0.59757334
0.59114337
0.21749532
0.08080879
-0.22361155
0.7238837
-0.056719344
0.26798412
0.17191564
0.027379446
-0.5006205
-0.03059989
-0.2539036
-0.27975932
0.15183058
-0.09521474
0.58857685
0.7665243
-0.07167662
0.6161235
0.26466942
-0.54702085
-0.30445325
0.044462286
0.2365371
0.42500144
0.31422228
0.41639698
0.45507184
-0.1767638
0.35923597
-0.871586
0.64393866
-0.44404328
-0.29494128
0.28695074
0.049638994
-0.23691213
1.0591862
-0.3801059
0.39909628
-0.33608475
0.78071797
0.95131063
-0.9824497
-0.0015747349
-0.4153226
0.060795847
0.3598733
-0.035020366
0.5796512
-1.1953454
0.37182316
0.46402138
0.15600088
-0.16795638
-0.11594658
0.40578252
-0.46064332
0.14436471
-1.0378327
0.03970927
-0.28117353
0.21371336
-0.19414431
0.32334557
-0.52969414
0.08773438
-0.33861083
-0.20259951
-0.31091568
0.02505455
-0.24568167
0.040523283
-0.13369365
0.43816635
-0.42873302
0.41067964
-0.032651696
0.4910046
-0.28001094
-0.29634914
-0.5383786
-0.03200225
-0.041327283
0.025013547
0.12040449
-0.06918121
0.14195658
-0.4684545
-0.40347132
-0.053583805
0.112296365
0.06793192
0.1269426
0.12959735
-0.40046722
0.47164202
-0.4237448
-0.02658138
0.07866936
-0.15781915
0.09649949
-0.8689437
0.12558801
-0.15673245
0.130702
-0.30175766
0.32338306
0.047001895
-0.34961605
-0.5154811
0.2245397
0.13233657
0.32634664
0.13735308
0.23931123
0.053914238
-0.8255724
0.72838765
-0.21884681
0.10470783
0.9729911
-0.6267915
0.53395534
0.65691954
-0.35754162
-0.023200259
-0.39888254
-0.26335308
0.28165907
0.05102693
0.1798062
-0.17824167
0.06440908
0.3285437
0.6122448
-0.5511014
0.25597432
-0.1117784
0.089565575
0.62248003
-0.25435206
-0.29929245
-0.32150802
0.5042462
-0.06899355
0.08466714
0.35543814
-0.4333762
-0.10961357
-0.29208523
0.37025782
-0.33539778
0.2743788
-0.1245407
-0.22394443
-0.16822426
0.6417382
-0.0939396
0.3585373
-0.20242389
-0.058582436
0.6173052
0.14377879
0.016962597
-0.58486116
0.28876922
0.6884044
-0.52673024
-0.016731972
-0.48078996
-0.13213031
-0.1359481
0.6799098
0.77135265
-1.0371518
0.41135335
0.40146604
-0.31887305
0.18939306
-0.44552982
-0.02056086
-0.68889403
0.2361842
0.49633685
-0.6724018
0.06833154
-0.38935873
0.020018157
0.01060929
0.014058553
0.8246596
-0.41709265
0.49862078
-0.15039739
0.331489
0.41269085
-0.73339134
-0.0065891687
-0.15049547
0.43872795
0.31940287
-0.18666896
-0.615739
0.73132557
-0.75793976
0.3727736
-0.45650512
0.80392057
-0.18918404
0.48700303
-0.88913155
0.26830962
0.33278966
-0.45431936
0.27445742
0.35293874
0.77138174
-0.6148245
0.24374266
-0.44897103
0.49414995
-0.28078562
-0.60595435
0.6450097
-0.09806942
0.13852717
-0.18001568
-0.4313502
0.5983082
0.28399482
-0.05788411
0.2092327
-0.09899129
0.5136293
0.10883724
-0.107021324
-0.015801167
-0.77247447
0.020193541
-0.38476366
0.43115118
5.0520716E-4
0.023841785
-0.66450197
-0.18119642
0.021893531
0.41926715
-0.44488972
-0.032747556
-0.038835295
-0.24441352
0.14212723
0.25938803
0.4388604
0.17347528
0.10895692
-0.15955243
0.6505986
0.12209297
-0.29652503
-0.15599452
0.7431746
-0.39359516
-0.03654201
0.044609882
0.7404851
0.02535705
0.21807133
0.13876465
0.5802305
-0.08444863
0.3636907
-0.77003807
0.22161674
0.6698776
-0.13649711
-0.09342262
0.33106986
0.32589227
-1.0978961
0.55471075
-0.03879757
0.40735337
0.4859702
-0.12123031
0.3517207
0.44683003
0.2515621
-0.09877217
-0.29080543
0.5770015
-0.10224731
-0.51333106
0.2874499
-0.09801568
0.65809673
-0.14316456
0.25314662
0.6847006
-0.0070004617
0.27592406
0.0018279826
0.12384752
-0.14004494
0.034889914
0.4673072
-0.41352946
0.26201257
-0.15987453
0.33097273
0.51761895
0.061985098
0.039498772
0.18568765
-0.002903916
0.23115824
-0.4690755
0.16186617
-0.45048276
-0.53571314
0.29143918
-0.74280477
-0.5229881
0.39389428
-0.05091921
0.4397783
-0.48978922
-0.11240457
0.09264443
-0.3731771
0.33316436
-0.024443094
-0.26579678
-0.19044107
0.2052266
-0.49953496
0.23750284
0.44643107
-0.2221853
-0.30547795
-0.04694633
-0.20116416
0.2726754
0.7382586
-0.9719771
0.5458099
-0.79908395
-0.088426806
0.31613314
-0.4721129
0.22476238
-0.23224896
0.004817974
-0.22732438
0.00509835
0.13043894
0.31344578
-0.6580753
-0.35510162
0.14107746
-0.44274792
-0.12012882
-0.22678232
-0.28891397
0.24776246
-0.119248964
0.05577337
-0.00387741
-0.3304236
-0.06411145
1.3309709
-0.68873686
-0.37292424
-0.06534398
-0.3391691
-0.3117565
0.18411238
-0.029200455
0.09641041
-0.30777407
0.59800696
-0.63837093
0.5646852
-0.80924493
0.38190043
0.3157136
-0.6039022
-0.73173875
0.57237005
-0.48932084
0.3212569
0.26638067
0.36895975
0.3914668
-0.725526
0.5292065
0.0015261583
-0.35531214
0.019843617
0.37701115
0.11986085
0.005799171
-0.63545024
1.0211114
0.31432322
-0.14654924
-0.44463563
0.25994244
0.2544677
0.25105473
-0.2283602
0.044412214
0.5130836
-0.242293
0.37739664
0.25806195
0.35657364
-0.17590177
-0.20877042
0.5847373
-0.5231063
-0.0867494
0.11760787
0.23283987
-0.41261008
-0.5201667
0.21805525
0.12996906
0.17464188
-0.28813708
-0.14752875
0.6081699
-0.39711052
0.26838067
-1.263829
0.16527854
0.21137194
-0.09124654
-0.26579243
0.7313722
-0.12672454
0.40170678
0.12615691
0.521857
-0.25599214
0.46859097
-0.26820806
-0.43764716
0.5472794
-0.15473144
0.9271859
0.50279874
-0.40767312
0.10238211
0.10804373
0.09712466
-0.5994104
0.6476345
-0.10775335
-0.14538425
0.011783317
0.33125603
0.65840036
-0.3733515
-0.47811136
0.3448919
0.6749126
-0.2297394
0.3202411
0.43935987
0.48093882
-0.3750902
-0.27421743
0.31627926
0.26220965
0.014723784
-0.2557436
-0.564772
0.5036147
-0.5576016
0.04392334
0.51453143
0.12647395
-0.29971173
0.23183629
-0.052365515
0.16096753
0.24803342
-0.2992105
0.33463264
-0.013721606
-0.12064714
-0.12077627
1.2888705
0.031366434
-0.20048343
0.61093706
-0.5512732
0.9016843
0.017040346
-0.024193212
0.67191744
0.064047
-0.8193608
0.36922687
0.38245988
-0.18016732
-0.20556648
0.2708127
-1.0091945
0.057477172
0.26376235
0.47725093
-0.3594432
-0.440653
0.37023258
-0.4259818
0.20285957
-0.72345394
0.25461075
0.016194144
0.2534098
-0.38305607
-0.60461503
0.5918201
-0.46773583
-0.5420957
-0.3643444
0.026897658
0.23410378
0.3828311
-0.22498031
-0.6813255
0.41074792
-0.03269879
0.09440012
-0.37661558
-0.40905994
0.23763399
0.121827744
-0.3936039
-0.12423365
0.42787215
0.49491924
-0.2905421
-0.48343253
-0.11101641
0.03011201
-0.0885898
0.6506107
-0.35514787
0.106377184
0.40808457
-0.4634631
-0.36405367
0.23138759
-0.071215615
-0.6837371
-0.0069253724
0.3902414
-0.01980326
0.14733732
-0.102149144
-0.23014182
-0.94357485
-0.47576335
0.57827085
-0.25291765
0.3388024
-0.5676296
-0.36722
8.9994137E-4
-0.084416695
0.90339816
0.25657177
0.28556123
-0.7053851
0.38475257
0.8208575
-0.53064036
0.15732771
0.4747816
0.14201863
-0.10678727
0.3378908
-0.17214178
0.35164455
-3.3111E-4
0.65843064
0.074520744
0.8561838
-0.7423746
0.07624197
0.5066483
0.29188615
-0.46509185
0.12097262
0.19447303
0.88473123
-0.36110297
-0.16747844
0.3103114
-0.37524372
0.75067586
0.049758367
0.027206492
-0.3368853
0.058275104
-0.2874742
0.6156636
-0.05063322
0.44949
-0.45081618
-0.121355586
0.8875742
-0.4991627
0.57010394
0.20280764
0.8517899
-0.34448472
0.23850103
-0.08811533
0.08565804
-0.1912109
-0.73972774
-0.13853422
0.52143735
-0.6249352
0.044378176
0.7849176
-0.41649067
-0.92359173
0.04077715
0.35182303
0.22777627
0.030148232
-0.2349467
0.0014348339
-0.9640367
0.037781388
0.54503405
-0.2152109
-0.48289725
-0.06583569
-0.16731183
0.12974337
-0.25333595
-0.40465906
-0.18329547
-0.08283576
0.5327501
-0.18573967
-0.17433256
-0.1905321
-0.784125
0.24592048
-0.042444717
-0.3193538
0.695085
-0.40358007
-0.41226482
0.08089586
-0.0239867
0.14015251
-0.31955647
-0.09720893
-0.13700897
-0.27223843
0.44907293
-0.06762614
0.46120036
-0.12896937
-0.117696285
-0.39554337
0.34393948
-0.21846075
-0.4153079
0.41540876
-0.82317835
0.58368134
-0.7301955
0.13595693
-1.0841706
0.25989094
-0.15127867
-1.6669412E-4
-0.17312746
0.5358006
0.07611232
-0.1791512
0.26432356
-0.6259059
0.37960145
-0.047821555
0.35469455
0.13205408
0.49271718
-0.44732988
0.48810217
-0.5917745
0.24857342
0.12054556
0.17087218
0.70844847
-0.17898603
0.18226746
-0.002567651
0.025071904
0.046174496
0.12373702
0.72074723
-2.9618797E-4
0.5251999
-0.16214594
-0.16845244
-0.28146935
0.3540376
-0.2394844
0.28898874
0.37214392
-0.5279516
-0.20719068
-0.33502182
0.4476582
0.17124183
-0.08647466
-0.38243008
-0.55592453
0.62371004
-0.4344717
0.28646055
0.037889607
-0.35800323
-0.25400504
0.10416406
-0.010406472
0.36940572
-0.05813017
0.6333183
-0.017386125
-0.011992836
-0.33914837
0.2475539
0.23856537
0.53897744
-0.26798213
0.29698873
0.17355491
-0.12870747
0.656113
-0.32445574
0.36627847
-0.4451007
0.11278914
0.3955859
0.6415183
0.038280636
-1.0410675
-0.11121684
0.029863684
0.16399752
0.36212656
-0.48109713
0.61865443
0.09336084
-0.24606816
0.24756452
-0.5946742
0.017310305
0.0031291842
-0.22890818
0.0017043939
0.12893035
0.1221431
-0.5896254
-0.10252138
0.09601963
0.35031164
-0.48587376
0.2512688
0.32362244
0.4492993
-0.6945863
0.4110594
-0.14270602
-0.16251571
0.3070388
0.20536284
0.4141483
0.46917513
-0.3065001
0.20791923
-0.2428889
0.26328143
-0.3417998
0.22367027
0.38315085
-0.15713276
0.7745689
-0.46684158
0.1011173
-0.6384579
0.059680678
-0.2707597
0.3202133
0.08536708
-0.22833997
-0.0327311
-0.2685565
0.3632383
-0.019939374
0.11348008
0.08922752
-0.33540776
-0.023873575
-0.12181588
0.70879215
0.066669784
-1.4092703
-0.15473467
0.39033076
-0.37154284
0.6016826
0.13334839
-0.32871714
-0.1119276
-0.031511635
-0.64867824
0.17174084
-0.028942239
-0.1954251
0.5349777
-0.016495267
-0.5854998
0.8408548
-0.15535682
-0.15453136
-0.38018277
-0.29636934
0.21850862
-0.38358963
0.87076813
-0.6769951
0.56601506
-0.5755283
-0.32791466
-0.011106288
-0.37193635
-0.23993786
0.5578642
-0.6498806
-0.09154051
-0.099990286
-0.19133203
-0.57994515
0.41814342
-0.24334553
-0.26783937
0.43168178
-0.6822376
0.50718635
-0.8279475
-0.19095398
0.23048742
0.56226116
-0.358533
-0.37169248
0.23530559
-0.5799244
0.588008
0.042382374
-0.49435946
0.43174785
-0.31445044
0.24752264
-0.010847967
-0.52176034
0.090866305
-0.003581546
-0.024405539
-0.18121876
-0.023570433
0.06703424
0.7080747
0.0726783
0.16999519
-0.74736947
0.3267747
-0.035287537
-0.55247074
0.54329544
0.5322421
-0.26936582
0.16961205
0.014015823
0.059829537
-0.44837087
1.6847517
-0.87487686
-0.48582932
-0.0997177
0.5897773
-0.47391903
0.49131024
0.2608071
-0.6328748
-0.21281463
0.040634952
-0.32373562
1.1812282
-0.25550368
0.6353442
-0.479033
0.18427226
0.23388878
-0.1510482
0.1505665
0.03509927
0.73909134
-0.3954031
0.2511201
-0.36608198
0.53736585
0.12852912
0.068379685
-0.019789709
0.2106511
0.4378756
-0.5253974
-0.003482279
0.22253291
0.17405526
-0.64535666
-0.57269204
0.7154656
0.39221165
0.22591078
-0.3034058
-0.44137245
-0.13777672
0.5762328
0.20883709
-0.37957555
-0.21593538
0.05315584
0.1635578
-0.4494545
0.054529823
-0.12134161
-0.38085693
0.4938704
-0.4032235
-0.40641487
0.022153715
0.13736163
-0.2833201
0.6066838
-0.53861207
-0.037975967
-0.3468608
0.0583254
-0.8091743
0.17330074
0.24407017
0.30880672
-0.15155831
0.4309429
-0.44528824
0.07914593
0.72362995
-0.08368144
-0.07332285
-0.012052236
0.06058555
-0.7437682
0.18266965
-0.16916507
0.53002965
0.36758307
-0.013870811
-0.26787913
0.57360023
-0.083697
-0.1578827
-0.18045716
-0.018967105
0.099435486
-0.16316997
-0.31545985
0.06813114
0.12978284
-0.64683056
0.46127307
0.22789332
-0.12750573
0.037116203
0.42648426
0.30269298
-0.23852545
-0.36299217
-0.6430777
0.7091222
-0.18362954
0.54964
0.26137367
-0.11408003
-0.10710702
0.10687739
-0.6952609
0.05970247
-0.037888713
-0.17110132
-0.2509007
0.28568292
-0.028597614
0.21151689
0.45658502
0.28713498
0.24765244
0.011787212
-0.22610268
0.102303475
0.30411533
-0.09327254
-0.13991465
0.955421
-0.1521569
-0.2941952
-0.17803584
-0.43531543
0.40956342
0.20286357
0.13172784
-1.0356883
0.043601207
0.42477515
0.5959646
-0.586147
-0.14467931
-0.40317675
-0.6461727
-0.21447268
0.19790655
0.12878552
0.31659317
0.08890159
-0.15820098
0.23060331
-0.829641
-0.022690896
-0.5801911
0.37439317
0.77650094
-0.14423762
-0.8608511
0.7308794
0.03829501
0.05102468
-0.2459095
0.16771482
-0.6663513
-0.35424277
0.4236321
-0.115112126
0.20812796
-0.30818862
-0.23484135
-0.25535434
0.13342723
-0.036187366
0.5237705
-0.01541898
0.32584965
0.401916
0.15689577
0.007722472
0.38063344
0.6394645
-0.39387575
-0.42099997
0.50933623
-0.23682466
-0.7625909
0.70387334
-0.25950152
0.10718463
-0.24295804
0.3201785
-0.5242241
0.1465084
-0.13067551
-0.6723597
0.12392579
0.4146592
-0.507032
0.41980553
-0.31556535
0.23201302
-0.10935469
-0.34413454
-0.33153623
-0.39042696
-0.16777226
0.9731596
0.23021883
0.9713163
-0.24647392
-0.6085042
-0.08709619
-0.43826708
0.9868659
-0.37657034
0.9450991
-0.12750629
-0.32140616
-0.35037223
-0.39154598
0.0241542
0.252494
-0.4318762
0.031011885
-0.0088326745
0.11196424
-0.0037904426
-0.08647991
-0.037605956
0.21770221
0.108717114
-0.1799149
0.098660626
0.19660635
0.031771768
0.39693695
-0.2377658
-0.33477873
0.64968926
-0.18687676
-0.39968172
-0.33765912
0.4202266
-0.24611272
-0.8720015
0.36811924
0.24267465
-0.8148091
1.3091978
-0.38524586
0.056647934
0.07052233
0.14510931
-0.039185558
0.22480771
-0.14557111
0.30705383
-0.24976829
0.7263811
0.38176543
0.42276546
-0.15413783
-0.25658134
-0.2660685
0.16238497
0.15627332
0.42098534
-0.42570987
0.7721108
0.79780793
-0.3528317
-0.101881504
-0.7302766
0.16427577
0.22737196
-0.6462863
0.023063693
-0.1268961
-0.4066233
0.5791841
0.08094031
0.65935063
-0.123994835
0.13527519
0.4518383
-0.1518976
0.03023146
0.22565183
-0.93840766
1.4562733
-0.25231662
0.5427822
-0.29908463
0.41541165
-0.6483433
0.31100768
0.22028479
-0.34846392
0.18625607
-0.26144576
0.0029713009
0.32933307
0.15347931
-0.42108205
0.21076821
0.36309633
-0.30539775
-0.4318415
0.316614
0.0577115
-0.2723003
0.49884087
-0.5646869
-0.52859086
-0.12080553
0.03695222
-0.09276538
0.16984719
-0.39547533
0.5007266
-0.26549622
-0.23017111
0.48919508
-0.7756671
0.18154593
-0.25742278
0.32427543
0.45177513
0.07062044
-0.59472007
0.14167146
0.36748117
-0.24379209
-0.25786072
-0.1263267
-0.007254071
0.50730056
-0.054552183
-0.34677142
0.42585033
-0.33278236
0.32926047
0.2231227
-0.7318839
0.4183647
-0.4943867
0.35551453
-0.108037114
-0.42114463
0.026632914
0.41883996
0.11714558
-0.10931262
-0.10178195
-0.5382466
0.37872297
-0.024230203
-0.3241339
0.5523878
0.0221171
-0.39485982
0.048127674
0.55565715
-0.6135578
-0.47346815
0.009179398
-0.18814911
-0.20912749
0.91962045
-0.96071684
-0.17604896
-1.1353569
