0.20115593
-0.06494886
0.31684688
-0.2850634
0.012220147
0.5334115
0.4240832
0.43495727
0.43257114
0.0683789
-0.04424808
-0.015399033
-0.37085685
-0.63086814
0.79169655
-0.38537735
0.035783365
0.35628778
-0.6743973
-0.2487171
-0.86910766
0.38834694
-0.17111504
-0.22158688
0.51885504
-0.8814533
-0.12468913
0.026823696
-0.1043559
-0.64781
0.37775052
0.9859293
-0.40579015
0.68702614
-0.26650888
0.21474034
-0.47350043
0.13351664
0.058240764
-0.10403614
-0.719989
-0.6452304
0.13499035
-0.053656835
0.48763183
-0.5663178
0.036449146
0.20729406
0.022909746
-3.5548361E-4
0.21057814
0.51542324
-0.4856455
0.46694326
0.23348299
-0.7285476
-0.73959315
-0.03247716
-0.059615407
0.6776914
-0.24992254
-0.14523803
-0.21773829
0.1651875
-0.42040536
0.5317082
-0.33259815
-0.7033284
-0.012433777
-0.8731391
0.2491762
-0.74948174
0.14486903
-1.0361286
0.30259886
0.9237465
-0.5767654
0.79264325
0.17760386
0.0036257817
-0.051783092
-0.036267985
0.21379952
0.62432516
0.65202594
0.3773911
-0.11997767
-0.14445731
-0.68335795
0.091931164
0.13021338
0.19961272
-0.6543844
-0.22687434
-0.5409164
-0.4969374
-0.026989125
0.25952882
-0.13377747
-0.39961472
0.41349402
-0.32200924
0.8295073
0.31184858
-0.45332438
0.45857286
0.059818614
-0.025364608
0.61299866
-0.41450354
0.26505226
-0.67382085
-0.041773967
-0.23063488
-0.16979203
-0.82834107
0.16789442
-0.28855762
0.3941472
0.24804562
0.3108479
-0.21277402
0.030890288
-0.19914672
-0.75001025
0.03300523
0.55032873
0.008824549
0.25242054
-0.66797477
0.30092818
0.5360819
0.019449841
0.2892523
-0.5238162
0.6778385
0.02631457
-0.7293088
-0.034982417
0.36258382
-0.3349761
0.2616055
-0.76861733
-0.031248292
-0.044272542
0.15521821
-0.46056268
-0.3382553
-0.17388187
0.27268487
0.6026823
-0.52637255
0.16116166
0.45249742
-0.16458
0.94297075
1.0641135
0.39777964
0.1407613
0.40828687
-0.5368874
0.053698253
0.101263806
-0.5466032
-0.24286164
0.75734204
0.5435073
-0.1764436
0.08543677
-0.44211033
0.6021306
0.090109944
-0.39656204
-0.46592245
-0.20129742
0.42524448
0.17018951
0.74976623
0.24492332
0.12036154
-0.41409105
0.7198572
0.09768288
0.11006663
-0.66467613
0.42341524
-0.4723706
0.564071
0.19730121
-0.709263
-0.6277638
0.598512
-0.9173543
-0.6234073
0.24744733
0.3228734
0.14145453
-0.3579187
-0.52656466
0.47846153
0.37674254
0.22877716
0.08744103
0.61956596
-0.0338766
-0.5427819
0.35122073
0.046549745
0.58303225
0.073642276
-0.5714141
0.03391966
0.60312164
-0.5400021
0.19187681
0.41088906
0.07184138
-0.371045
0.33142924
-0.508201
-0.45154485
-0.044851888
-0.2260243
-0.3264712
0.02664555
0.41416812
0.037594885
0.44374034
-0.31942976
0.08768871
0.063127935
0.23339202
-0.5007879
-0.027722035
-0.581651
0.8726225
-0.100059986
-0.16205022
0.55228007
-0.32447124
0.23237206
0.20802319
-0.9728938
-0.12481062
-0.17872182
0.55253464
-0.23819906
0.312045
0.29947996
0.6257488
-0.6411221
-0.6399231
0.4902468
-0.3469613
0.6887945
-0.62984097
0.5709801
-0.010829857
0.1047954
0.023544896
-0.40384957
0.076189965
-0.29278266
-0.08757262
-0.08794057
-0.8712231
-0.17005926
-0.6393708
0.8917265
-0.31820256
-0.19302137
-0.28628883
0.028695526
0.4065759
-0.24798572
0.7587531
-0.2629423
-0.2458359
0.053756554
-0.03470161
0.58333665
0.007169495
-0.71381754
0.24000974
-0.1305005
0.0029447305
0.92641735
-0.33947992
-0.42432094
-0.20368177
0.6732517
-0.6579679
-0.35267842
-0.10635939
0.70036817
0.08382265
0.23201361
1.1115402
0.44559526
-0.60392374
0.391744
0.22074386
-0.6386408
0.13391499
-0.26021507
0.23335215
0.49452046
-0.31404477
0.3049108
-0.025288355
-0.058618113
-0.16730124
-0.37787175
0.109733514
-0.12634602
0.20253836
0.1150347
0.67818666
-0.7513525
0.12768134
0.28383234
-0.66985524
0.011239618
0.23436867
-0.2308492
0.19188246
-0.32978767
0.07500566
0.27272156
0.05345446
0.4107992
-0.32517368
0.1252526
0.51633584
0.1807498
-0.38956636
-0.27398095
-0.024276033
-0.8029844
0.099407315
-0.60723096
-0.511003
0.34741122
0.42019582
-0.9701784
0.22459799
0.5435248
-0.258908
0.17917247
-0.22645576
-0.60298103
0.95811296
-0.37791297
-0.15749133
-0.64414835
0.24328457
0.50107175
-0.1549142
-0.52268744
0.009691021
-0.39697602
-0.4408848
-0.31110033
0.6386777
-0.4987458
-0.26945814
0.06345048
-0.13031185
-0.31121418
0.27445498
-0.20215484
-1.1230491
0.7087276
0.12709647
0.014851005
-0.0045636687
-0.036916103
-0.80453473
0.49508536
0.17004724
-0.5128792
0.6228565
0.23682047
-0.21932244
0.044683594
-0.60746163
0.9234365
0.676531
-0.65151995
1.0769743
-0.28990725
-0.4232394
-0.27600732
0.3789261
0.41032577
-0.5221325
0.48263752
0.2870444
-0.42391816
0.42607892
1.1582212
-0.36504984
0.1462012
0.2737753
-0.55484575
0.9202317
-0.24271788
0.70762724
0.23679605
-0.3530894
0.119719334
-0.0462168
-0.8415066
-0.3985463
0.26084268
-0.08593295
-0.026371764
-0.6518227
0.05738823
0.39899552
-0.30829147
-0.23493803
-0.83625096
1.1650853
-0.2530412
0.16658597
0.60809946
0.17429563
0.34355894
0.5274258
-0.15640014
0.53780603
0.08962732
-0.5159989
0.07896622
1.19283
-0.25889882
0.53741425
-0.06489196
-0.56631005
-0.3432083
-0.4699622
0.6217236
-0.31200817
0.30288213
-0.23610093
1.047637
-0.70802844
-0.10818205
0.042523317
0.13879378
-0.5395722
0.63087934
-0.6500656
-0.11048097
0.08140357
0.6092429
-0.7377693
0.055117633
-0.15705636
-1.0953518
0.6871144
-0.032033395
-0.18579495
0.43982786
-0.1217067
0.5319705
-0.46199918
-0.12229216
0.11060413
0.37865567
0.21031316
-0.52271533
0.5172816
-0.118879564
-0.45918158
-0.103884324
0.5340601
-0.43851244
-0.47714365
0.24027558
-0.33210516
0.5015463
0.41148368
0.49944264
0.8629737
-0.2908664
-0.53353
0.2944131
-0.45682847
-0.5087679
-0.041992597
-0.38065508
0.082220696
-0.7573675
-0.07762965
0.36069924
0.16310538
-0.015425307
-0.6625431
-0.38890636
0.6100736
-0.5071633
0.4671372
-0.34989464
0.5384318
-0.3266463
-0.5132745
0.31422356
0.08481857
-0.13991489
-0.15770109
0.50903594
0.066682555
-0.34636265
-0.17949302
0.13432801
0.099718854
0.10134729
-0.7034774
-0.6274508
0.06908962
0.7780662
0.039708998
0.99813795
0.17796436
-0.21711874
-0.96647143
-0.044657722
-0.35914093
-0.18641827
0.33264604
0.23982342
0.244477
-0.5935687
-0.15048088
-0.16221078
0.25399897
0.45256156
0.31042543
-0.23769496
0.062972926
0.7121789
-0.86303014
0.34552935
0.18726736
0.4931219
-0.23427401
0.024993984
-0.72645575
0.073031455
-0.8207905
0.16767769
0.11641751
-0.2616275
0.140605
0.509303
0.114674926
-0.19802614
-0.10006673
0.24349341
0.5094156
-0.10713185
0.55085325
0.36288577
-0.46356788
-0.039991397
0.1297763
-0.47590542
-0.10619752
-0.23129317
0.4069605
-0.42550617
0.87358785
0.07723823
0.6686324
-0.0969279
0.019395161
0.3664355
-0.28082517
0.3623294
-0.19598821
1.0182755
0.33832002
6.939154E-4
0.3685539
-0.3237912
0.11020222
-0.65851253
-0.35721126
0.21861246
0.03982628
-0.11350582
0.21908358
-0.36927658
0.60037345
-0.064501286
0.12617713
0.24342273
-0.60586756
0.77328587
0.38987404
-0.7172167
0.34076518
0.59665257
-0.33380175
-0.0833413
-0.18290183
-0.83928317
-0.038636822
0.10746529
-0.20402429
-0.24673727
0.3766737
0.04584831
0.06281926
0.058743678
0.5668308
0.2921537
0.53144014
0.52785784
-0.34508005
-0.010692064
-0.7658879
-0.24824695
-0.27455756
-0.58687043
-0.24318479
-0.3555581
0.2392763
-0.24417256
-0.26615945
0.6223539
-0.45972162
0.2737901
-0.38251942
-0.78909224
-0.042561095
-0.039608423
-0.015367664
-0.33905378
-0.2894516
-0.3528257
0.006344423
-0.16780454
-0.21965438
-0.1974755
0.3538952
0.2700604
-0.34910452
-0.16703735
0.26985627
-0.5258693
0.3283487
-0.029891683
0.07437052
-0.065921806
0.124231204
-0.48641846
-0.032030042
0.41922703
-0.83766866
-0.11469527
0.06986686
-0.08274406
-1.2810209
0.2803274
-0.35054573
0.5768676
0.6900809
-0.34045824
-0.004116038
-0.7435697
0.37786672
-0.60236526
0.15857078
-0.1697616
0.42985103
-0.31247258
-0.05386412
-0.46972954
-0.17165282
-0.90134925
-0.338375
-0.2929515
0.7113493
0.73942953
-0.2485317
-0.42229915
1.0775831
0.5519808
-0.29683435
0.09521591
0.13979697
0.4777401
-0.08198593
0.26999915
0.8916774
0.5969779
0.3701793
0.67429435
0.27913728
-0.24902347
-0.90110606
-0.66566074
0.49958733
-0.045376662
0.86706334
-0.7303716
-0.23556516
0.040321574
-0.11498104
-0.51397157
-0.55448496
0.5836561
0.3083816
-0.6369653
-0.5962907
0.1367607
0.3312625
-0.09573347
0.19656125
0.43515736
0.562839
-0.32621554
-0.34642076
0.6629252
-0.24024571
0.37319204
0.8234261
-0.5142323
1.0238982
-0.7218145
-0.07064711
-0.42310163
0.4532285
-0.5978146
-0.38184792
-0.3198303
0.5990645
0.91619194
-0.44154269
0.49401727
0.2716878
-0.42942318
0.4223357
0.437828
0.72746027
-0.3274699
-0.5586832
-0.12708859
-0.012658949
0.6132131
-0.8020008
0.15950961
-0.20219876
-0.36351335
-0.3000123
0.90576303
-0.3651726
0.25208855
-0.38685668
-0.12665965
-0.6419864
0.13757564
-0.3499174
0.6818998
-0.41321737
0.48114067
-0.4510801
-0.673912
-0.48180163
0.53181267
0.2992768
0.83461547
0.18263353
-0.21699591
0.63388336
0.5455007
0.4282659
0.19967212
0.24797182
0.70306486
-0.95894325
0.0587752
-0.5674962
-0.34303147
0.5041164
0.051541544
0.35649964
-0.1029675
-0.9729392
0.24831568
-0.9867147
0.5198737
-0.14216337
0.32185736
-0.7513671
0.1860839
-0.5797953
0.32444096
-0.48526993
-0.06737314
0.16460635
0.25115398
0.0529567
0.42249632
-0.22293451
-0.37298208
-0.24024077
0.081233315
0.043335676
-0.11214099
1.2214627
0.28884456
-0.20092012
-0.7275624
0.65563965
-0.09395043
0.13263181
0.08577346
-0.028929085
-0.84858704
-0.25801814
0.14707687
-0.26544794
-0.69176394
0.5206325
0.5644385
-0.5613938
-0.23255177
0.50573283
0.819299
-0.15250635
-0.30150717
0.58717656
0.13722254
-0.7876183
0.29062057
-0.6014462
0.25356263
0.15896006
-0.3963209
-0.57462716
-0.3017847
-0.6140015
-0.2883838
0.07272837
-0.36004215
0.108123764
0.3076153
0.2581296
-0.8071381
0.45360005
-0.15021631
0.09171088
0.13649857
0.5575892
0.48222956
-0.5122977
0.051572185
0.40926552
-0.29697144
-0.35473812
-0.3835494
-0.3911171
-0.10633884
-0.47786558
-0.046089593
-0.1713346
0.55346155
-0.472953
-0.015467213
1.1506402
0.55483055
-0.60648113
0.8168754
-0.9376374
0.09999026
-0.09739242
0.6907815
-0.5577207
1.1971558
-0.6204271
-0.1609693
-0.95694387
0.7447387
-0.025271907
0.11792652
0.24398583
0.35018805
-0.010427424
-0.3952366
-0.2081906
0.6061734
-0.4627702
0.58001405
0.43871984
0.09279388
0.40065607
-0.45272666
0.2751001
-0.332835
0.6624104
0.41484478
-0.52350193
-0.13256587
-0.78182954
0.09153811
0.19288476
-0.16276465
0.98343885
0.9365568
0.44797722
-0.32964897
0.2944096
-0.1665231
-0.029185332
-0.06496077
0.53237444
-0.02813375
-0.31853756
-0.001756863
0.31297094
0.3399033
-0.31630677
-0.002697245
0.24718992
-0.22094832
-0.6311666
-0.422909
-0.11792394
-0.22244036
-0.30935362
0.17647655
0.37248883
-0.6434478
-0.08088111
-0.23746863
-0.2997838
0.45271495
0.07538311
-0.023118054
0.11653405
-0.9375481
-0.275087
-0.038566545
-0.34259027
0.06687404
0.5902408
-0.054468386
-0.39502886
0.052972965
-0.29804915
0.095010705
0.2466538
-0.4670972
-0.06105208
-0.5151364
0.30111638
0.5612539
-0.66939545
-0.4577947
0.12234595
-0.5213434
-0.18215047
-0.3759632
0.21303563
-0.5788859
0.7322985
0.47473878
0.09918807
0.20579508
-0.09520341
-0.6342702
-0.2723429
-0.7911771
-0.23373815
0.1403352
-0.4728254
0.88315785
-0.53380775
-0.33005628
0.29869965
-0.2779741
0.06125542
0.008244406
0.08553816
0.31904158
-0.28527114
0.08755761
-0.7677765
0.75491047
-0.4454653
-0.4725399
-0.6973124
0.9090241
0.45876285
0.4225545
-0.1891843
0.36129236
-0.42825952
0.5526381
0.06269923
0.2785054
-0.11388433
-0.12675664
0.30235073
0.11412571
-0.33827353
-0.08067455
0.69757605
-0.544256
-0.49443886
0.6493786
0.30297562
-0.17980893
0.19444293
0.631113
0.35418168
0.5245689
0.29545295
0.05387748
-0.110169835
-0.46532157
-0.9788942
-0.05832506
0.6219982
0.5228832
0.3732682
-1.0909318
1.229714
-0.5761509
0.2882314
-0.8049966
0.3973205
-0.95464945
0.03699212
0.13647294
0.26024398
0.43712547
0.24105096
0.8507203
-0.050345737
-0.40215492
-0.100677036
0.111642055
0.6502185
-0.49313283
0.2856011
0.5071065
0.022510508
-0.11131699
-0.7016882
0.3341637
0.04779006
-1.0556413
-0.7461724
-0.2235043
0.48250377
-0.04232739
-0.026222713
-0.056390576
0.10374311
0.068552196
-0.06369002
0.3828536
-0.28714746
-0.22494866
0.4767164
0.13423099
-0.47629514
0.4907657
-0.40704358
0.29026082
0.456486
-0.110561416
0.13185154
-0.2530085
-0.4370525
0.7954469
0.17860347
-0.13315663
0.16137148
-0.76298976
0.32181787
-0.58659476
0.060839944
0.52080345
0.38086808
0.42597342
-0.83181447
-0.71516675
0.80063516
0.76204926
-0.55534524
0.02102893
0.67916197
-0.37182784
0.14310555
-0.11902669
0.560704
-0.36586678
0.20715858
0.40072778
-0.2666414
-0.3200077
0.15049253
-0.212783
1.0314736
-0.49900705
0.016488208
0.11975848
-0.06629417
0.07936448
-0.6635452
0.61890596
-0.39751387
0.631379
-0.10064578
-0.41980702
0.58402395
0.23578133
0.086378485
-0.17380838
0.025200637
-0.089759655
-0.58340263
0.34781235
-0.42736813
0.2316004
0.016785419
0.20971061
0.04348303
-0.10348281
0.38015676
0.0820675
-0.15514117
-0.4326215
-0.6478972
-0.4235627
0.3478389
-0.36619648
0.15224688
0.85787684
-1.1302215
-0.4873884
-0.21082306
0.44722632
-0.39578763
0.037710726
0.42198014
-0.2505568
0.6469712
-0.11101136
0.7452297
-0.19442903
-0.0778105
-0.5638976
0.5108116
-0.39388216
-0.4463724
0.2808018
-0.2660135
-0.2956461
-0.72891647
0.43374267
-0.9149817
0.14143668
-0.51648825
0.47827506
0.5289945
-0.62786144
0.3342597
-0.57308435
-0.10243337
0.19888993
-0.2563774
0.65155554
0.66244537
-0.7369116
-0.014653789
-0.1000141
0.067816556
-0.2846621
-0.978438
0.45482665
-0.40664464
0.4163465
-0.5365802
-0.17408408
0.91082245
-0.3708607
0.40905157
-0.621303
1.3492823
-0.44066373
-0.1989513
-0.5919624
-0.5082543
0.69745034
-0.46649316
0.630345
0.20024839
-0.24364787
0.27710178
-0.119233884
-0.7587217
0.2893033
0.27965915
-0.5912051
0.654245
-0.006198966
-0.5456986
-0.41747615
-0.11027086
0.27672708
-0.5624498
0.40985435
-0.34425882
0.30416086
0.38953003
-0.28102958
-0.29271972
-0.105634496
-0.32463047
-0.14013931
-0.16141756
-0.02635196
0.2591406
-0.5615773
0.67668605
-0.33839953
0.036176223
-0.39206097
0.21547899
0.15257898
0.24700506
0.7439338
-0.4102487
0.6393718
-0.571181
-0.42892545
0.5748454
-0.813928
0.06071229
-0.11566328
0.55539054
0.17614685
-0.43364918
0.028126813
0.0043731118
0.79461026
0.46098393
1.0131036
-0.46139297
0.19830133
-0.465269
0.76732403
-0.6864544
0.5380721
-0.08385471
-1.0339617
-0.306474
0.1829779
-0.5018751
-0.2480706
0.46010953
-0.35597757
0.13421737
-0.12728475
0.5285501
-0.2937847
0.35633108
0.88533527
-0.6988885
0.52044535
0.20689432
0.52553296
-0.14006941
0.49535462
-0.09296527
0.095642455
-0.090302296
0.2117007
-0.25128952
0.7979768
0.19805992
0.13740785
0.368906
0.534171
0.9436181
-0.78279805
0.18586563
-0.27668667
0.20738348
-0.30495018
-0.46138477
-0.056247544
-0.47080633
0.109973356
-0.7625463
0.27588633
-0.25495806
0.50332993
0.62212694
0.4900613
1.1116272
0.9804651
-0.047872763
-0.20118603
-0.49656796
-0.0056541287
0.18581133
-0.11723432
-0.34316343
-0.11106236
0.2227369
-0.1568986
0.2087325
0.23743136
0.6568951
-0.41359293
-0.5376507
0.28395608
-0.6609242
0.48281404
0.48784328
-0.46811774
-0.050141055
0.5359492
0.3396919
-0.13951243
0.03091871
-0.15183115
0.36522502
-0.54124516
-0.31417462
-0.28844222
0.2007293
-0.22416401
0.6266914
-0.21516858
-0.29172498
-0.7805195
0.59863675
0.26994714
-0.15355289
0.117642745
0.2644659
-0.009858008
-0.499666
0.2355353
-1.0235344
0.6844745
-0.856346
1.0468978
0.32394475
0.42927334
-0.34326878
-0.117040925
0.17108135
-0.15048951
1.0735149
-0.2521689
-0.31626892
0.45072412
0.6763638
-0.08569462
-0.06422898
0.1073631
-0.044709027
-0.0647878
0.22914147
-0.24149077
0.9645455
-0.1038595
-0.32053939
0.16973679
0.5811979
-0.07374015
-0.022325676
-0.08660047
0.029831525
0.4382696
0.782581
0.18669686
-0.023850743
-0.4625723
-0.33554485
-0.025704926
-0.051907584
0.3419406
0.008942002
0.3137541
0.505944
-0.44973812
-0.035120834
-0.9982813
0.24588276
-0.22817399
0.5388137
0.21997297
-0.6567069
-0.60613245
0.4056569
0.02507666
0.4795452
-1.0699829
0.6078502
-0.3959017
-0.36894268
-0.51467884
0.16779941
0.18773377
-0.8537008
0.9066839
0.5591403
-0.18876913
0.08820779
0.21175735
0.26275903
0.11086336
0.6107795
0.022208538
0.6931306
-0.91909826
0.07009429
0.4827454
0.4642702
-0.33057398
0.049372807
0.24888048
-0.30330774
0.09810165
0.5003824
-0.2344547
-0.11657801
0.55268925
-0.27480602
-0.12991025
0.57324374
0.36140797
0.10240446
0.28232026
0.29605138
-0.07449713
-0.49879706
0.094025
-0.16275446
0.23204325
0.11488764
-0.11466747
0.25572404
0.025849292
0.055315096
-0.2663319
-0.11306303
0.3519504
0.014679124
-0.0061346567
0.9741507
0.12124455
0.2636213
-0.10675053
0.07878627
0.85677814
0.09396483
0.78915334
-1.0510765
-0.11048248
0.53032047
0.9081032
-0.32029763
-0.032051627
-0.3652999
0.40577465
0.08507917
-0.14979911
0.14692864
-0.89812213
0.4769646
-0.966274
-0.51196074
0.66731817
-0.26439264
-0.13371098
-0.969957
-0.24739069
-0.6349736
0.17959401
-0.43844905
0.12996592
-0.75260174
0.09564162
-0.7942661
0.4107845
-0.042699054
0.47775283
0.069643155
0.18145679
-0.9804771
-1.0337085
0.53940034
-0.05708753
-0.30219075
-0.098986395
0.1633064
-0.03435265
-0.5325123
-0.24224482
0.74391276
0.57490474
0.10812392
0.07812655
-0.07029086
0.1416015
-0.463368
0.6888071
-0.7277442
0.8872721
0.24205537
1.1616422
-0.65333545
-0.57059526
0.20678453
-0.20344888
-0.51367706
-0.42473927
-0.6629783
-1.2916604
-0.27530947
-0.2852172
-0.16846542
0.9707192
-0.13131608
-0.2360929
0.39121765
-0.010413546
-0.3647268
0.12264954
-0.1766367
-0.4639572
-0.13145469
0.8280677
-0.0052024657
0.7019827
-0.40574688
0.1970176
0.40067217
0.7766246
0.7060687
-0.4287486
0.40434337
-0.18709265
0.025742771
0.07878393
0.3665315
-0.13223772
0.38521585
0.33256283
-0.121670164
-0.6081431
0.31240126
0.19746456
-0.29580346
-0.08226966
-0.18131338
-0.12411249
-0.100488275
-0.5771962
-0.27179807
-0.18831395
-0.27300024
-0.13106486
-0.13160379
-0.38700938
0.020516831
0.34796384
-0.62119246
0.17808644
0.05589261
0.27566463
-0.2665796
0.30659726
-0.22025774
0.6289394
0.42752752
0.44800273
0.5863535
0.34804437
0.57923305
0.9545153
0.3587559
0.7725833
0.3687048
-0.59235334
-0.23777829
-0.24046636
0.14722493
-0.80205125
-0.21720532
-0.48536915
0.51689905
0.58901966
0.10083607
-0.05036379
0.1405781
0.03878458
0.11368549
-0.13947494
0.26106045
-0.2886242
0.40148875
-0.05411888
0.37906304
1.0805508
-0.21416534
0.36366633
-0.28739816
0.17851618
0.15279835
0.012622102
-0.0070689856
0.10310567
-0.423858
0.63508546
-0.22170587
0.10163556
0.27096865
-0.2938074
0.12263637
0.08296416
-0.05946447
0.23738874
-0.48724824
-0.69415927
0.13227661
0.30069986
0.07189755
-0.10559655
-0.24555899
-0.1715176
-0.43382573
0.87033486
0.5268221
-0.005269611
-0.6281191
-0.015246512
0.43632856
-0.47975546
-0.4878018
-0.2808947
-0.13644151
-8.923543E-5
-0.6594493
-0.11152762
-0.5808826
0.52937573
0.08048316
-0.16364072
0.87847894
-0.32871446
-1.3368921
0.62462467
-0.3787563
0.4099446
-0.38879392
0.24668053
0.023233578
-0.45068067
0.20093134
-0.509169
-0.92800456
0.23979901
-0.1306783
0.31408072
-0.67605007
0.74168926
-0.48605573
-0.5669126
0.57991886
0.01251434
0.058467563
0.2064674
-0.14621215
-0.07966168
-0.22579281
-0.94020134
0.8016357
-0.63710463
-0.55928767
-0.19239774
-0.27470228
0.015518154
0.8914639
-0.022817438
-0.9855778
0.11577904
0.043568365
1.1582447
-0.09561703
0.27290002
0.08468409
0.370823
0.42570025
0.35353798
-0.52870536
-0.7460475
0.017219108
0.037463304
0.077818856
-0.18563311
-0.24995352
0.8721287
-0.4157786
0.45562583
0.74217385
0.19201274
0.54323053
-7.8603573E-4
-0.8086451
0.6761354
-0.35639
-0.16196233
-0.08674393
0.12307027
-0.16877691
-0.17900684
-1.1440547
0.62829405
0.19886915
-0.11238841
0.6559623
0.20155549
-0.27874532
0.15435293
0.98989385
0.46268925
-0.3546962
0.6067151
0.4661571
-0.8213269
-0.23685302
-0.16126846
-0.8311068
-0.15608191
-0.7546142
-0.24415939
0.5771114
-0.31063044
0.57200885
-0.38300458
0.3453071
-0.6184564
0.50944155
-0.64574254
-0.054446343
-0.30992612
-0.7771522
0.3788882
-0.43403482
-0.16414231
-0.056399494
-0.2905879
-0.42478937
0.68943566
-0.904944
-0.21151955
-0.24690361
-0.2443675
0.032387305
0.8404652
-0.122059114
-0.14140394
0.18100336
-0.044745296
-0.13587189
0.5375482
-0.37197527
0.10603563
0.16793574
-0.034419846
-0.3200274
0.8273103
-0.57171106
-0.30827254
0.118489414
0.3361118
0.6808117
0.2518944
0.6448616
0.5701759
0.0081830295
0.16390955
0.57323563
-0.595989
0.07850914
-0.04530177
0.14355977
-0.082078345
-0.5986677
0.9182472
-0.9346693
-0.07494824
-0.67740667
0.10121543
0.19203572
0.6356319
0.17099664
-0.26130548
0.19361553
0.2391641
0.75633943
0.5053535
-0.5539102
0.78495246
-0.28911582
0.24344707
0.40314904
-0.37060338
0.61453766
0.7347737
0.46990094
0.61182094
-0.832281
-0.29064173
0.10248498
0.11174777
-0.1513584
0.30621
0.41947854
-0.44416353
0.11847851
0.12452013
-0.063480295
-0.33806312
-0.14909731
-0.97959054
0.052785076
0.31857714
0.65071577
-0.82707584
0.27997077
0.5122374
-1.2577242
0.44287375
0.060183905
-0.4005234
-0.12460526
-0.40712947
0.07543562
-0.7569703
-0.58878803
0.35360426
0.9920283
0.75846606
0.4704772
-0.33035806
-0.19119999
-0.5452501
0.015147876
-0.3474925
0.31503186
-0.034929093
-0.12799874
0.68436295
0.056262475
0.037971776
0.93805426
-0.35511446
-0.34714806
-0.05094009
-0.47829172
0.86799675
-0.38859344
-0.17067444
-0.28052172
-0.28086412
0.10806973
-0.7220919
0.1496351
0.010688624
-0.5617794
-0.20788519
0.20437615
-0.39558354
-0.88055855
0.799873
-0.38592067
-0.13038824
0.12811771
-0.25225586
-0.1609224
-0.57378364
0.1883811
0.3573226
0.4477308
-0.16308786
-0.042939562
-0.17905772
0.18774533
0.04622527
0.15032624
-0.32997224
-0.2547461
0.40617105
-0.08448083
-0.73270965
0.32488513
-0.26183197
-0.26654056
0.18037973
0.49946812
0.33643532
0.797692
0.3829017
-0.5406218
0.8833258
-0.9768651
-0.8859408
-0.858223
1.0590981
-0.15506446
0.79672587
-0.8639634
0.43547013
-0.59176034
0.39241832
0.11290215
-0.24659353
0.102388754
-0.27881357
0.32455117
0.4791962
0.014527495
0.19669476
0.56296456
-0.008406098
-0.4123963
0.56792533
-0.058642108
0.2553065
0.9466897
-0.20529552
0.8311542
0.104180105
0.38747996
-0.2526373
-0.44337243
0.4387028
0.5732625
-0.88002145
0.21022627
0.7597364
-0.253914
-0.138443
0.56303537
0.06968004
-0.2962907
0.32238114
0.37516272
-0.11767023
0.0435498
0.23495896
0.7532933
-0.25459
0.16097051
-0.18938376
-0.53264916
-0.6871456
-0.111274004
1.0083212
-0.054113306
0.77317196
0.417304
-0.81241286
-0.12122894
-0.16369416
-0.012519842
0.114332244
0.52608263
-0.75385165
-1.0472841
-0.3856981
-0.430583
-0.79750764
0.8201153
-1.0037234
0.49246755
0.08669006
-0.118212536
0.38929203
0.74173117
-0.7729787
0.24461748
-0.45346054
-0.036152128
-0.7052927
-0.363415
0.28351542
0.12986976
-1.0751286
0.38157865
0.32384166
0.45149443
0.025814492
0.22762159
-0.30663428
-0.051882416
1.1459773
-1.1074628
-0.2044546
-0.087654874
-0.8138904
-0.877028
0.9282332
-0.33814025
-0.8285707
-0.20366183
-0.43327105
0.0050570057
-0.016028104
-0.25977707
0.43413717
0.5775399
-0.6073819
0.34093958
-0.5097741
0.1255076
0.2585012
0.10545241
0.4761643
-0.018973447
0.8148526
-0.17377174
-0.33323783
-0.5566707
0.07894218
-0.65468717
0.29986623
0.24294001
-0.17544198
-0.03101861
-0.39897516
0.32821983
-0.6153076
0.4966718
0.4882101
-0.891166
-0.13562837
0.15570429
0.44944668
-0.7191731
0.7468082
-0.3207833
-1.0039978
-0.22760011
-0.6933725
1.0375421
-0.21639802
0.14145717
0.6310184
0.088118315
0.01392806
-0.64488024
0.2964174
-0.5261357
-0.20233701
0.5783009
-0.42346984
0.12871216
-0.17730576
0.57445455
-0.65396225
0.17452936
-0.12728521
0.09694345
-0.48450768
0.38551107
-0.1981973
0.44738567
0.5016869
-0.14715485
0.27270982
-0.12052792
0.5668628
-0.4308146
-0.12828764
0.48291102
0.0072384654
0.38980663
0.24081382
-0.07233862
0.1682599
0.24506263
-0.58109593
-0.36137393
-0.57952887
0.016248494
0.21115297
-0.08612529
0.2305565
-0.23557594
-0.29734167
0.026584119
-0.19793566
0.5340064
-0.7299658
0.05774755
0.046452105
0.4578398
1.0985526
-0.26157546
0.023238668
0.09607177
-0.2643991
-0.4900615
-0.38335294
0.13461737
0.5186873
-0.027848816
-0.30456942
-0.060437515
-0.45097187
0.4017677
-0.36393604
-0.8607341
0.5626972
0.4321435
-0.45845392
0.7736748
0.16177428
-0.32382846
0.5845552
-0.03428173
-0.037472144
0.20610765
0.10565443
-0.46091163
-0.019732127
-0.5614725
1.4219685
0.14433508
-0.4402589
-0.29265693
-0.7865332
-0.4586647
-0.3528273
0.73856616
-0.34102798
0.084492624
0.046121303
0.02020753
0.7116088
0.3315822
-0.3318786
-0.5529987
-0.16257134
-0.64107335
0.4906827
0.5223069
0.8127629
0.2872187
-0.44134206
0.70939696
-0.46509454
-0.062108226
1.0748707
-0.048007376
0.2601709
-0.14845382
-0.6060243
0.6526212
-0.61855376
0.033216972
0.15085112
-0.103767246
-0.5804794
0.4051663
0.27978507
0.6121271
-0.42857328
0.65150994
0.30619955
-0.013278586
0.36152002
0.6128417
0.18024227
-0.17092787
-0.55777776
-0.017502403
0.16137584
-0.5836025
0.37829655
-0.17099595
-0.51724124
0.08149385
-0.21062434
-0.2911947
-0.032368828
0.40713257
0.7531059
-0.49013373
-0.5060152
0.29815936
-0.52216655
0.38098705
0.07821004
0.22170544
-0.5245385
0.27857265
-0.270182
0.35908574
0.6638115
-0.36910686
-0.8081209
0.1857921
-0.21192962
-0.37828723
0.6589573
0.6946504
-1.0545728
0.29527143
-0.18236692
0.08203982
-0.5307098
-0.63596696
-0.38570037
-0.29395133
0.6614884
-0.35605243
-0.10028259
0.6331429
-0.31622142
-0.52753866
-0.009796318
-0.12795179
0.22125396
0.33531147
0.15922087
0.42584756
0.6846024
-0.10448107
0.060259715
-0.54337376
0.4611354
-0.38046116
0.6110583
0.37398902
0.063274756
-0.42597738
0.7145446
0.2868725
0.11530374
-0.2702799
-0.51405984
-0.12876977
0.09499497
0.49296254
-0.16385022
0.4189751
-0.034836385
-0.3459911
1.325396
-0.5997506
0.39295334
0.2361677
-0.9357956
0.52137405
-0.8446325
-0.33660802
0.32517183
-0.3537716
0.224618
0.054559898
-0.8674847
-0.10864877
-0.1309273
0.3385096
0.46941325
-0.08357573
-0.23246205
0.41621292
-0.3891397
-0.6566116
0.5457138
-0.20394583
0.10802549
-0.41107142
0.38530755
0.7949462
0.27957982
0.33624664
-0.22657403
-0.36603573
-0.039601635
0.608936
0.78874105
-0.15873139
-0.17244735
-0.10852945
-0.7207546
-0.24777511
0.42833132
-0.22239119
-0.37390837
0.37356418
-1.2188914
0.5546963
0.015304202
-0.30830032
-0.38423026
-0.7539514
0.176112
-0.6796714
-0.4657222
0.18975562
0.2412812
0.15050754
0.14951462
0.72453624
0.041826252
0.15921347
-0.09350656
-0.42559955
-0.562642
-0.26364228
-0.11250448
1.006193
-0.0893903
0.041221965
0.45027974
0.33150145
-0.60754114
-0.09064085
-0.111214
-0.80325556
0.09163484
-0.31958735
0.70476294
1.0360258
0.37522608
-0.28530386
0.14634177
-0.07797707
-0.28343797
0.14236112
0.79530555
0.371621
0.71712375
-0.2597061
-0.49460247
0.5052218
-1.2833551
0.55883443
0.4067074
-0.29444885
0.6229201
0.28316617
0.8133588
-0.30693427
-0.6739116
-0.047650523
0.31855035
0.62493956
0.16595402
1.0011464
-0.42786857
0.55077344
0.8096947
-0.5156755
0.35063085
0.22678354
0.3044692
0.056733824
0.8292635
-0.3304809
0.24179004
0.14469638
-0.024880948
-0.3387301
-0.25791323
-0.37831843
-0.2485665
0.05340327
-0.07378026
-0.13895135
-0.59037685
0.68215173
-0.59628856
0.11345862
-0.56876314
0.6471819
-0.07943621
0.6740319
-0.4809789
0.1309908
0.36409882
-1.0369929
0.46553463
-0.33735552
0.44802392
0.06126867
-0.2782306
-1.0464785
0.19495192
0.32894474
-0.2909426
0.23308653
-0.824548
0.41296312
-0.55913985
-0.7332212
-0.055181682
-0.18424731
0.19788136
0.6510901
-0.56710905
0.16443989
0.27807903
-0.952206
0.14835253
-0.55802685
-0.20400296
0.1841878
0.3389377
0.3244343
0.69112563
-0.93606174
-0.59526736
-0.72820485
-0.34110287
0.6144001
0.23304874
-0.49651197
-0.44670394
-0.008249816
0.9523274
-1.0929112
-0.07271569
0.18614641
-0.35519737
0.5577995
-0.43530142
1.0091764
0.20405084
-0.54731774
0.06352697
-0.44044587
-0.019242126
0.1662255
0.45634875
0.24123466
0.05549071
0.113649234
-0.6131372
0.21305105
-0.3861134
-0.6027598
-0.067253016
0.5808138
-0.72130495
0.6286879
-0.5631749
-0.41183484
-0.4827908
0.81031454
0.13990004
0.30020815
-0.5326228
-0.5906047
0.021129567
0.76297826
0.42246333
-0.37653762
-0.29528728
0.01472449
0.8661215
-0.16170639
0.012080897
0.3133811
-0.5574302
0.2738183
-0.47917208
0.35952675
-0.34208304
0.101509355
0.385034
0.0011509617
-0.5960064
0.77455705
-0.29292193
-0.023229323
-0.45548043
0.8618614
-0.40672165
0.17038971
-0.56984866
-0.3696648
0.41303855
0.61660016
-0.35279277
-0.7899531
0.39201593
-0.11994287
0.4161202
-0.17475484
0.08339841
-0.14764637
-0.4096122
0.38815063
0.55358976
0.09448915
-0.3710531
0.22763795
-0.40839472
-0.43789202
0.688318
-0.38585603
-0.37610692
-0.71151
0.7528888
-0.11508261
-0.37491125
0.20345986
-0.27227625
0.08669501
0.9659616
0.8417555
-1.0023416
0.722082
-0.32880515
0.6205723
-0.07189468
-0.17055482
-0.7143726
0.10508812
-0.41205522
-0.38339275
0.44044316
0.17407297
-0.33541077
-0.23602805
-0.23185122
0.09838515
0.05117519
-0.097679496
0.04255743
0.43574718
-0.23238304
0.27308157
-0.24914604
-0.32650173
0.38014242
0.4296735
0.23616053
0.061470624
0.50543976
-0.43312502
-0.27171808
-0.99749756
0.42609975
0.92036504
-0.61376476
-0.35908177
0.18889153
0.9383784
-0.81326675
-0.33226138
0.11709714
-0.6910256
0.083225444
0.44799283
-0.5738203
0.2724131
0.33774057
-0.7767717
-0.43166307
0.5243889
-0.14047764
-0.15539604
0.82610697
-0.41194427
0.7919239
-0.20543784
0.5901006
-0.85423434
0.55456656
0.562019
-0.43141785
-0.28942835
-0.79789484
0.37068096
0.16914725
0.32827032
-0.532417
0.13766116
0.13007899
0.028651148
-0.040290494
0.38994008
-0.22134496
0.23615026
0.33992863
-0.0028265873
0.6171596
-0.2756095
-0.2662539
-0.06321659
0.60207397
-0.6540249
0.049851805
0.42681238
-0.70044315
-0.034197778
0.27401653
0.31772858
0.13603117
-0.4973094
0.2083621
-0.19171943
-0.8575915
-0.108602524
0.6388089
-1.1729842
0.51165277
-0.61526525
0.5114766
-0.029468743
0.5537062
0.20728357
0.9411868
-0.57069737
0.3606524
0.43800935
0.28711691
-0.01160217
-0.48277962
0.8292934
-0.013266715
0.28610584
0.38866326
-0.029528193
-0.084193595
0.34982178
-0.28003493
-0.28367558
-0.40250954
0.7707818
0.046156753
0.3939224
-0.5462233
-0.008436708
0.2589865
-0.46335122
0.96708333
-0.11774398
0.09290916
-0.57614243
0.4194747
0.33828416
-0.95627415
-0.069119036
0.5386895
-0.3517363
0.23609756
0.12703387
0.45213938
0.18361016
0.75360143
0.4375328
0.40271652
-0.3092363
-0.5018484
-0.014322834
0.1863275
-0.3780754
0.41495678
0.23902142
-0.5016068
0.0050543584
-0.31753066
0.43350163
0.074239306
-0.6177798
0.31382254
1.0431403
0.72590274
0.03369516
-0.03821367
-0.41198575
0.70470756
0.4072049
-0.55588686
-0.66158754
0.24891634
0.5102787
0.7130738
0.004140817
-0.5493887
0.26248768
-0.24209557
-0.0039691804
-0.17020026
0.061861463
-0.23636629
0.5609847
-0.10268499
-0.05400906
-0.7193435
0.5641371
0.06992739
-0.6205517
0.060995147
-0.149216
-0.018348884
-0.05013882
-0.038971778
0.02343941
-0.3057933
-0.48621306
0.5625229
-0.2763939
0.7585566
0.25447723
-0.36232102
-0.24206905
-0.47351283
-0.43092975
-0.49077663
-0.44083533
-0.4699483
0.13675697
-0.5781251
0.01071396
0.2058984
-0.21328272
0.4345088
0.1348147
-0.3114249
0.18615942
0.048646722
0.12584563
0.12424111
-0.20377074
0.2729968
-0.2778896
0.30151054
-0.022744114
0.06946194
-0.40288785
-0.74528736
0.021071153
0.2137738
0.9643421
-0.31960002
-0.72421813
-0.18720578
-0.4266628
-0.4713944
0.020368813
0.006483516
0.75452244
0.21999033
0.35689208
0.84611857
-0.3712986
0.04164865
0.766743
-0.36980212
0.055067156
0.07056725
-0.17224215
-0.24446887
0.8243872
-0.18771464
-0.19057833
0.04695796
-0.38377702
0.13221775
0.4274506
0.5068605
0.09073025
0.363884
0.8269488
-0.8326562
-0.23323973
0.18292902
-0.20255071
0.4744836
-0.29130176
-0.091329925
1.0758166
-0.5152608
0.4229229
-0.050369497
-1.1497774
0.061550144
0.35316694
0.26494226
-0.009486822
-0.16089872
0.59569955
0.13762689
0.05952174
-0.07553316
0.29736382
-0.7968565
-0.25978735
-0.101057254
-0.23001827
0.022293618
-0.3909169
-0.3054999
-0.12698163
-0.5072431
0.0016073763
0.3037867
-0.9407447
0.8653849
-0.30679986
0.47931224
0.798996
0.2283388
0.6598818
-0.71234316
-0.90052533
-0.2710937
-0.53321475
-0.5933596
0.58520514
-0.12731206
0.3366823
-0.1326318
-0.32899734
0.2386835
-0.530901
0.13497055
0.31272635
-0.20575202
0.12720923
0.10409764
0.33906576
0.56350356
-0.45048103
0.17057492
0.21757028
0.25070614
-0.6600369
0.5411226
0.15094385
-0.12637429
0.9782131
-0.22029805
0.21159123
0.81944627
-0.7210806
0.98196787
0.046853796
0.84106195
-0.7413429
0.8442694
0.33329135
-0.38476977
0.49739107
0.47616974
-0.5160857
-0.3556604
0.09312701
0.09773911
0.2851676
-0.6821526
0.29462394
0.46390578
-0.4275365
0.0244482
0.33525744
0.31750235
-0.080936395
-0.14175223
-0.78649527
0.7282733
0.04873539
-0.15541823
-0.38971093
-0.47477776
0.005871247
-0.088348806
0.045537915
0.51883024
-0.85717595
0.6746305
-0.26157883
0.7606111
-0.2898712
-0.27801764
-0.51226187
0.12309045
-0.2826998
-0.09406892
1.0825233
0.32557544
-0.2478752
0.16830608
-0.27063116
-0.21898837
-0.12773111
0.1795483
-0.51640916
0.12886472
-0.49041456
-0.13591145
0.23752554
0.15496263
0.2721513
-0.53397673
-0.37555
0.08838541
-0.777566
0.6533934
-0.09047274
0.2994607
0.033263788
0.53755957
-0.29041255
0.23535399
-0.3210838
-0.9450666
0.6370966
-0.6490975
-0.34130663
0.8138566
0.121097125
-0.63832986
0.59115934
-0.12907591
0.48641086
-0.10400164
0.9537341
-0.8092702
0.45137972
-0.5941218
0.5078458
-0.19939715
-0.059047207
-0.46475348
0.038473405
-0.019240662
0.74486935
0.86873645
-0.49784428
0.033314995
-0.1932947
0.759973
-0.5404745
-0.3223519
0.41409788
-0.8549552
1.0866376
0.2931358
0.18347839
0.472574
-0.0056758197
0.4004591
-0.24663639
-0.017599232
0.023936389
0.45882407
0.441254
0.25779814
0.58498055
0.034643527
0.087460056
0.5797476
0.08175894
0.3699265
-0.2839171
0.9094615
-0.4985975
-0.6998566
0.6642306
-0.14681815
0.36911878
-0.65756726
0.7113907
-0.9990938
-0.46281654
-0.14426927
-0.13422412
-0.03925155
0.32676992
0.18856049
0.56884897
-0.18836197
1.0744059
0.48082483
-0.7811687
-0.009570097
0.19460835
0.056572337
0.7742857
-0.293658
-0.49738947
-0.27934614
0.82060546
-0.23630787
-0.43573514
-0.21064785
0.56896144
-0.44553187
0.1870602
-0.70125866
-0.3448781
-0.85732293
0.15964454
0.5794819
-0.6263998
0.6123557
-0.55741256
0.26115558
0.1335058
-0.08047197
-0.46201798
-0.825471
-0.073672906
0.5430213
-0.73665327
0.53737444
-0.28324702
0.450817
-0.7276307
-0.1274792
0.10853606
0.10739494
-0.579714
-0.12149939
0.14161877
0.0019007379
-0.15198119
-0.5194253
0.577524
-0.20676401
0.35570458
-0.040331516
0.18426974
0.37197527
0.2648508
-0.5931073
0.3282457
-0.6131639
0.7458306
-0.03292025
0.05158675
-0.8237485
0.2939367
-0.18752755
-0.5172291
-0.024413573
-0.5785246
-0.24861777
0.19886146
0.7336489
-0.3070879
-0.3026694
0.3221199
0.030023048
0.5950339
0.11575604
-0.5169019
-0.025937306
0.3977563
-0.05875912
0.2476185
-0.15766166
0.537009
-0.13296834
0.19440518
0.4302881
-1.056661
0.10195394
-0.0643156
-0.488568
0.27370918
-0.0037831443
0.018657058
0.034619164
-0.39295915
0.27902
0.662493
-0.023435486
0.5561133
-0.009608827
-0.18024935
-0.95839256
-0.5739154
-0.31643623
0.06297123
-0.24155882
-0.28156012
0.3594375
-0.08684466
0.36848006
-0.36791572
0.38142642
-1.0411417
0.01775905
0.6619945
-0.09437454
0.096154675
-0.81174994
-0.071514904
-0.13435614
-0.3152452
0.46590608
0.07555736
-0.42777926
0.50132793
0.29695186
-0.12011244
-0.056237333
-0.41733274
-0.15681593
0.21557917
-0.73770154
-0.10742497
-1.1964166
-0.37784064
0.5134072
-0.27802
-1.1167871
-0.21987647
0.6975683
0.21984167
-0.68918467
0.38806465
0.5767231
0.6009531
-0.3911375
-0.57607985
-6.1739195E-4
-0.028321525
0.40452728
0.21923417
-0.063953534
-0.95260656
0.38474244
-0.7104312
0.4674855
0.7286024
-0.19225848
0.8935619
-0.6638343
0.87391233
-0.028359924
-0.5891828
0.50820494
-0.4036366
0.26410356
-0.13399248
0.3534131
0.29155472
-0.2609368
1.1995841
-0.47143304
0.22210193
-0.31210822
0.11398747
0.6307433
-0.6653779
0.7012968
-0.63153696
0.57419425
-0.03131538
0.028969586
-0.38103494
0.72791326
0.0710928
0.48608586
-0.48216295
-0.13591419
1.0032157
0.7857213
-0.4505153
0.7241535
-0.025801787
0.9574172
-0.24439484
0.021740101
0.4530921
1.1886424
-0.05848044
-0.39082757
0.5376084
0.012716379
0.06162601
-0.41313517
0.035605885
0.65443563
-0.5322041
0.11259337
0.80011415
0.7711412
-0.56654006
1.1105642
-0.38328254
-0.4548666
0.45453602
0.4184529
0.6662255
0.98385304
0.17325695
0.6621205
-0.3762877
0.33132917
-0.29419443
-0.3321582
0.23353335
-0.03819861
-0.40818822
0.16286753
-0.120157726
-0.15822583
0.21026438
0.2436203
-0.36632967
-1.0773073
0.13639556
-0.22294323
0.22760072
-0.36428618
0.0021496655
-0.36351475
0.5006127
-0.11147529
-0.27875414
0.23835042
0.015195227
0.22208817
0.045451168
-0.91047126
-0.009815895
-0.6594486
-0.006603488
-0.13523902
-0.66177857
-0.24098727
-0.28405926
-0.6395103
0.27668908
0.46731642
0.19243342
0.4615985
0.439686
0.36253595
-0.20453925
-0.42653868
-0.67437273
0.22904767
-0.18504508
-0.79732686
0.750506
-0.33214992
-0.37356153
-0.0660441
-0.7609817
0.4555073
-0.23755358
-0.5767908
-0.36612996
-0.33001772
0.24877225
-0.53051376
0.407027
-0.44550103
-0.66713446
-1.4934616
0.004147118
0.15622735
-0.014323921
0.8434788
-0.85851085
0.68533677
-0.19462995
-0.34235448
0.2431777
0.6148303
0.12655506
-0.4380158
0.6512829
-0.2557341
0.53023005
0.026061684
0.6218871
0.19327718
-0.5848908
-0.15367262
0.5166417
-0.5640134
-0.49000153
-0.25700605
-0.06930857
0.0015426314
0.19371726
0.035896216
0.52382433
-0.39130336
-0.40027413
0.33998552
0.24233542
0.79301363
0.63358504
0.2746329
-0.27642438
-0.894044
0.533028
-0.06698589
0.09020286
-0.48281392
0.08535182
-0.004353955
-0.025695777
-0.120863274
0.7422113
-0.008731855
-0.096139684
-0.17030162
0.6806405
-0.35024068
-0.26508835
0.87790304
0.030563895
-0.65885854
1.04605
-0.51346517
-0.47593442
0.39576384
-0.36678067
0.4012668
0.38697755
0.6693625
0.57515407
-0.24597134
-0.590381
-0.27687606
-0.071907334
0.18420456
0.17549844
0.57881385
-0.30420724
-0.7007482
0.5252879
-0.73676825
0.38769928
-0.7227355
-0.011928139
-0.18448727
-1.2792722
0.20702319
0.040183533
0.6754079
-0.8886836
0.5151455
0.18588865
0.5061693
-0.0036755828
0.45704883
0.17185923
-0.5627156
-0.34446904
0.28828132
-0.3850117
-3.9494268E-4
-0.225654
-0.6636238
0.41558358
-0.13139862
0.04996492
0.36969766
-1.1913557
-0.19452181
0.03078436
-0.6024021
0.07673068
-0.17446339
0.6463762
-0.5651826
0.82084525
-0.54134727
-0.09165145
0.6097447
-0.23292862
0.06742919
-0.090803914
-0.44017798
0.16575819
0.34250566
-0.35790548
0.42873082
-0.5499275
-0.5457185
-0.33587462
-0.90770894
-0.10703544
0.33155012
-0.300836
-0.24397959
-0.37317964
0.30118117
-0.47723967
-0.5271845
0.25450152
0.0026750236
-0.45139608
0.049158927
-0.718419
0.08459705
0.25180003
-0.13502392
1.1414971
0.19003905
-0.1816124
-0.45091406
0.348744
0.18111137
-0.264881
-0.2638667
-0.29812792
0.15237457
-0.68235815
-0.5147808
-0.38373262
0.022680372
-0.09806598
0.15033816
0.024549723
0.45497084
-1.0352173
0.15836601
-0.2848483
-0.17675634
0.310087
-0.11152424
0.38980967
-0.78009504
0.28621328
-0.098804474
-0.02445233
-0.046984974
-0.06012756
0.45818496
-1.4511993
0.3610592
0.17207892
-0.6552917
-0.62977827
0.3537351
-0.4203897
0.2806169
0.20509696
-0.13064283
0.28341308
-0.7330612
0.92522675
0.8641222
-0.4879363
1.1445403
-0.4997153
0.2638924
-0.0575227
-0.3780033
0.28141284
-0.07985534
0.09084608
0.31699967
0.4762016
-0.48536983
0.6813603
-0.26488927
-0.20820783
0.23422189
0.554211
-0.1296671
0.31710318
-0.36095876
0.43475214
0.24034682
0.2908408
-0.606423
-0.27433175
-0.077058665
0.22077702
0.80426836
0.4137581
-0.31385005
0.7117362
0.41870406
0.5630831
-0.66277933
0.10507214
0.53154796
0.62304074
-0.06792563
-0.4534235
0.08262625
0.08163177
-0.686755
0.0031097543
-0.30264676
1.0767248
0.19725382
0.6460118
0.18842006
0.39089292
-0.3174581
0.3946349
0.09111871
0.033845022
0.21964282
-0.36006698
-0.08854558
0.4010563
0.102333255
0.43235257
-1.1406655
0.024939235
0.34042975
0.0128168175
-1.0230702
-0.10016249
-0.12971902
0.11994395
0.28766626
-0.30481276
0.9422637
0.3145001
0.63186747
-0.49928007
0.10879546
0.26678354
-0.95173883
0.5908528
0.35775077
0.19189811
-0.26853532
-0.0973691
-0.26233533
-0.64483386
0.09403221
0.16249867
0.041412883
-0.47583464
0.756255
0.23175788
0.03660963
-0.22726952
0.35972193
0.03336075
-0.34392014
-0.71786267
-0.07172775
0.15373601
0.20324436
-0.37480628
-0.0935811
-0.5118359
-0.09846833
0.9875858
0.042184584
-0.6509286
0.30267036
-0.2494189
0.04142562
-0.6225287
0.6980216
-0.13862535
0.69172037
-0.40854385
-0.20375866
-0.16709115
0.26400626
0.9168107
0.6694634
-0.6445297
-0.19805056
0.2049254
-0.7032898
-0.34843627
-0.5232014
0.5156608
0.65110475
0.19343676
-0.30716968
0.079106115
1.2237443
0.650177
-0.2314691
-0.1063851
-0.2557672
0.062566824
-0.59411716
0.14289908
-0.10215236
-0.18581745
0.9319036
-0.6151537
0.2173874
-0.33074775
-0.0748262
-0.16389997
0.18234594
0.8015569
-0.87286884
0.10380482
0.7592992
0.7242126
-0.8848208
-0.1743405
0.6139775
0.15556489
0.02887253
0.11333051
0.9146596
0.5681938
0.15355875
-1.1551793
0.10165772
-0.58617586
0.42314082
0.21174598
-0.4394203
-0.4698497
-0.16503498
0.51696
0.03574587
0.8236224
-0.155738
-0.58844346
-1.0267003
-0.7002975
-0.67270863
-0.13707076
0.18873172
-0.0038532168
-0.542182
0.030118521
-0.6189298
1.1317543
-0.15888026
0.21047096
0.15456049
-0.14348905
0.0722526
0.98516524
-0.8362749
-0.8124317
0.08461167
-0.3601629
-0.46872854
-0.68263656
0.51503503
-0.13723734
-0.069148324
0.25837535
0.12614758
0.12547137
-0.064223185
0.2191185
-0.3895786
0.62813556
-0.4637109
-0.13223383
0.7238419
-0.110529855
0.8648256
-0.5895199
1.010626
-0.6212135
0.0538452
-0.04812276
0.250773
-0.4012004
0.46371993
-0.6288244
-0.19453374
0.11035996
-0.035949767
-0.36524022
-0.28290442
-0.07600162
0.8512016
-0.19669661
0.46354064
-0.42975092
0.101867
0.9524582
-0.28312495
0.62675744
-0.2707549
-0.3669393
1.2326434
-0.09616112
0.31564796
0.18447886
0.9330816
-0.69689417
0.5855186
-0.3369322
-0.3809113
0.16398436
-0.44721195
-0.19274348
0.6905509
-0.9486052
0.62506205
-0.20293994
-0.03173934
-0.1863843
0.76745635
-0.15800633
0.07645512
0.35809264
0.4648735
0.46196452
-0.7158511
-0.26626316
0.17106624
-0.014933905
-0.7711608
0.55181074
-0.6500268
-0.14742422
0.11801483
0.046655152
-0.5665776
0.58065796
-0.48791933
-0.079178624
-0.58328724
0.6812101
-0.5696438
-0.0173577
0.5384473
-0.9107937
0.19885
-0.045186784
0.2588432
0.13091318
-0.04199905
0.88078564
-0.60769004
-0.7574011
0.50809824
0.6690638
-0.6840964
-0.0772929
-0.34310135
0.09443675
0.49413526
-0.33521262
-0.558853
0.47351956
-0.15980999
0.18161525
0.4325482
-0.70832396
0.7265405
-1.0886914
-0.30342087
-0.6464931
0.50750756
0.37430108
0.48149255
0.2251833
0.11431488
-0.7883877
-0.26559493
0.40583268
0.35160714
-0.26659274
0.6553817
0.8993504
0.30862656
-0.28195792
0.8385051
-0.14527379
-1.2895074
-0.8473091
0.109219424
0.56281817
0.46485534
0.16850042
0.059468508
0.24807796
0.09275244
-0.91024446
-0.12425392
0.5470067
-0.29255483
0.4552347
-0.7384174
0.6508449
-0.022062607
-0.27509624
0.12846781
-0.5099219
0.44932488
0.09413928
-0.13564646
-0.79001063
-0.4588222
0.73060626
-0.812106
1.1436485
-0.4057022
0.113551274
0.27230856
-0.6247951
0.61995935
0.24103098
-0.12726425
0.39411393
-0.65144897
-0.15699469
-0.28123662
-0.1966099
0.64792854
-1.1636662
0.4424098
-0.34812063
0.55848145
0.52161586
0.08195316
0.42943767
-0.511953
-0.12280734
0.4308179
-0.6358818
-0.08984924
1.0690176
0.47217298
-0.3989098
-0.26961243
0.10678051
-0.84014124
-0.719189
0.6471125
-0.71893454
-0.5674169
0.5527791
0.5041679
0.20062308
0.4172964
-0.66756445
-0.2206576
-0.37082472
-0.36717144
0.27628183
-0.2721722
-1.0162859
0.5274742
-0.5273811
0.84183294
-0.22937354
-1.026978
0.8215672
-0.6307345
0.20870978
-0.048870098
-0.12346706
-0.35457742
0.028150773
0.19426875
-0.32021853
0.83864415
-0.9054102
0.7376524
-0.119685166
0.6218606
0.013255443
-0.8983989
-0.4984053
0.20023367
0.99934083
-0.37698683
0.23410597
0.652156
-0.28197533
0.06518057
-0.1782876
-0.3367258
0.090053774
0.010678677
-0.26049197
-0.2323236
-0.37399966
-0.65868264
0.5364751
0.6714141
-0.08930999
0.14632095
-0.68914384
1.0073069
-0.113125734
-0.9240626
-0.18174991
-0.40080678
0.24496776
-0.12914397
0.14151952
-0.36026466
0.34463006
0.8059995
-0.1990424
0.5677293
-0.7940197
-0.44299752
0.654302
-0.60917187
0.37471414
-0.43664414
0.6556602
0.44288823
0.049892798
-0.40981594
0.4896868
-0.655978
-0.5614677
1.0202457
0.652681
-0.031443372
0.65378875
-0.60644513
0.6783714
-0.9926516
0.0073258164
0.85292953
-0.63158226
-0.5762516
0.14356078
-0.5482612
-0.22610739
-1.021188
0.20020789
-0.056205846
0.7180676
-0.7938114
-0.013938805
-0.6634328
0.5981458
-0.77915967
-0.027541319
-0.050851844
0.28904167
0.5388362
-0.21350732
0.5426641
-0.2428249
1.0671254
-0.5232739
0.27650636
0.3157793
-0.6373353
-0.1312105
1.1023272
-0.24085374
-0.7681606
0.07570492
0.42730826
0.39154044
-0.12016741
0.63901275
-0.5790263
0.6668138
-0.4260102
0.58423305
0.1624901
-0.066640936
-0.57430637
0.5880872
-0.4385892
0.7276024
-0.44850096
0.18973866
-0.6134596
0.5949766
0.48118746
0.6265466
-0.07882157
0.03629268
0.6816483
-0.13991855
-0.24337277
-0.1385287
-0.4485461
-0.36799762
-0.08128651
0.70810163
0.47844166
-0.41107482
0.35816056
0.7562624
-0.40811765
-0.5157567
0.7987224
0.13662261
-0.26106918
0.20642816
0.14278917
-0.14789918
0.68456227
-0.32746804
-0.17733012
0.16664071
0.06450082
0.47695053
0.012974787
-0.1958107
-0.62696075
0.74908984
-0.23758979
-0.5777306
-0.07699475
-0.046324216
0.22338876
-0.64600974
-0.19117287
-0.7855682
-0.2896512
-0.20225905
0.58255035
0.7723401
0.05442085
-0.5616912
0.5560136
0.42149058
-0.9250306
0.8941127
-0.23910907
-0.84494764
-0.2326607
-0.25755557
-0.1575276
0.35341704
-0.54095054
0.3497641
-0.22223431
-0.1514307
0.46485272
-0.7411431
0.46822658
-0.94394135
-0.5219642
-0.39218876
0.29011846
-0.10046427
-0.29201147
0.07308981
0.49468023
-0.7256118
-0.013519613
0.07815136
-0.67641926
0.8964404
-0.588445
-0.35757703
0.867645
-0.24414195
-0.5304963
-0.29104918
0.5507913
-0.09457779
-0.23868906
0.46621713
-0.07347502
0.06380692
0.026313584
-0.43732107
0.31301847
-0.8027947
0.0030066837
0.07183539
-0.46714965
-0.2583911
-0.47946092
0.8243472
-0.03278634
-0.49502546
0.8287003
-0.0058718184
-0.34307823
0.5584767
0.014700922
0.053753007
-0.8228805
0.30097413
-2.164102
