0.41849017
0.023958938
0.14766182
-0.09917832
0.24771415
-0.5791328
-0.19744362
0.62114346
-0.06001345
0.26839617
-0.58322674
0.0027311484
0.4351504
-0.54333085
0.28682852
0.26731005
-0.37035924
-0.56057906
0.52318186
0.41420785
0.24601798
0.96130836
-0.46501395
0.11098988
0.29241237
-0.4182373
-0.26001146
0.6209249
-0.6730696
0.1090088
0.013516371
-0.24636047
-1.0800371
0.5375128
-0.3829599
-0.070888184
0.22509806
0.31680956
-0.3488658
-0.09971135
0.4888668
-0.35895926
0.88572913
0.13842668
0.17381188
0.65991896
-0.56117535
-0.22673662
-0.059785407
-0.048751347
-0.52051246
0.6174965
-0.11934515
-0.4738881
-0.060277756
0.33889604
0.089649774
0.17487466
-0.33500376
0.11295829
-0.07157723
0.35204065
0.2365912
-0.10313339
-1.0255495
0.049459398
0.109188706
0.3738622
0.021127513
0.064428546
0.17695901
0.27717718
-0.24624404
0.35268158
-0.4976607
0.118378714
-1.040841
-0.16998953
0.18125887
0.5612045
0.10928138
0.5213703
0.46837416
-1.3122246
0.20049188
-1.063385
-0.521261
0.6028961
-0.31381795
-0.18787229
0.2870157
0.17916349
0.10556513
0.012225677
-0.17436232
0.21695507
-0.2281478
0.5025583
-0.37425956
0.1749223
-0.08458428
0.16840194
-0.42646194
-0.08273993
-0.124543
-0.5847053
-0.3792274
-0.7903382
0.12945545
-0.48813418
1.0173088
-0.24757062
1.4445812
0.1768425
0.012761915
-1.0434608
-0.1454257
-0.2766356
0.5625143
-0.25676814
-1.2484138E-4
0.38795927
-0.40993056
0.49938035
0.17085247
-0.015719991
-0.081429146
-0.6273007
0.038719814
0.8360531
-0.97587556
0.5168324
-0.008102524
0.28166923
-0.0045262314
-0.6249942
0.5055882
0.33139655
0.29713833
0.19432938
-0.019270103
0.37106195
-0.1844004
-0.44226897
-0.3669131
0.6957177
-0.8933908
0.43780234
-0.2725708
-0.22423315
1.0943983
-0.49800935
0.08716152
-0.40043637
0.04957775
0.16985449
0.14326978
0.059293985
0.6064185
-0.030426439
0.47249
-0.46431476
0.75899476
-0.6959217
0.58997995
-0.24202394
0.33734673
-0.0016954503
0.41209465
0.4928551
0.023275852
-0.23580632
-0.6882238
-0.48351142
1.0250617
-1.2133989
-0.016041404
-0.7231206
0.25394684
0.035333104
0.62390006
-0.30450904
0.652644
-0.17463519
0.006274017
-0.64530426
1.0716457
-0.27061695
0.05814222
-0.37886417
0.4104271
0.05542265
-0.37325016
-0.14839658
0.45872107
-0.36182204
-0.07712569
0.17762925
0.43660137
0.25620505
-0.88437057
-0.63688993
0.13047409
-0.8272311
0.82334936
0.012419863
-0.026154645
0.06828914
0.0037759794
0.036366746
0.56770504
-0.33933356
0.19222735
-0.124078855
0.3039106
-0.70248175
0.55143535
0.27609906
-0.07859253
-0.1826012
-0.24457672
0.25041744
-0.21423306
0.09004574
-0.1408585
0.4380463
0.11737429
-0.07543676
0.6072212
-0.6534367
0.22730497
-0.2840555
-0.7818376
-0.17172462
0.6434372
-0.10544934
0.8426021
0.002375339
0.29810923
0.50990087
-0.10878596
0.1005123
0.5960354
-0.19207244
-0.2624948
0.18654822
-0.45674175
-0.7463343
0.24712954
0.7730357
-0.48118827
8.653743E-4
-0.17800461
-0.13045658
0.48292208
-0.29724923
-0.5122473
0.43760103
0.26426283
-0.310338
-0.054475337
0.040825985
-0.7690267
-0.0075504044
0.15031481
0.5752801
0.5133404
0.9297354
-0.74595743
-0.04517111
0.28161395
-0.14079595
0.4975252
0.26673868
-0.10306805
-0.3474433
0.40271688
0.14077626
0.34724894
-0.6365569
-0.22557795
-0.59409714
-0.43507078
0.6018182
0.2156803
-0.6422897
0.4249576
-0.48569334
-0.056333423
-0.22132911
-0.4993898
0.260301
-0.075474165
-0.7442151
0.2252769
0.0066845636
0.03553174
-0.031329732
-0.010556215
0.080847554
-0.38338667
-0.18039681
-0.07961373
0.20032483
-0.28328463
0.29783514
-0.26804057
-0.30114815
0.61947286
0.102389455
0.45493424
0.23120785
-0.34658214
-0.44846097
-0.25371522
0.16207166
0.0132631585
0.5851891
-0.6906974
-0.10888243
1.2241225
-0.278184
-1.1035874
0.19306189
-0.3023365
-0.22400004
0.20002085
0.77033144
-0.15246922
-0.24487787
-1.0207778
0.07669963
0.015187689
-0.040884502
-0.2664075
-0.20301303
-0.57610506
-0.6445515
0.39406607
-0.0485265
-0.5848739
0.7662499
-0.16831869
0.33362597
0.68802387
0.252469
-0.2717762
0.8345704
-0.75274897
0.2910271
0.21389599
0.29318365
-0.3274434
0.4311071
0.15899768
-0.20405342
0.6472623
0.6033089
-0.53587514
0.3913544
-0.12964833
0.19650608
1.4142575
-0.81092864
0.09229996
0.2526356
0.07574356
-0.51198757
-0.19313891
-0.27023104
-0.08574305
0.078460634
0.33041263
-0.6702675
-0.36367422
0.29090327
0.44612134
0.035756186
0.27613893
-0.6273585
-0.31718504
-0.6127554
0.1725294
0.99047
-0.504021
0.5109097
0.18060392
-0.3337686
-0.03188494
-0.05076673
0.85032666
-0.42205143
0.16538839
0.12902942
0.37740266
-0.020271093
0.15974149
0.05094809
-0.20568042
0.035707343
-0.121854916
-0.22569908
0.6367206
0.09705217
-0.37179545
0.17799778
-0.66015744
-0.21218255
-0.6843712
-0.16884856
-0.8248101
0.7083216
-0.3230482
0.33258697
-0.8903872
0.34368944
0.18652357
-0.24186778
-0.6032229
0.2725554
-0.116276935
-0.28170216
-0.44204587
-0.037508585
-0.29050368
-0.885594
-0.20040695
-0.14572226
-0.15991707
0.7700403
-0.8024842
0.030751491
-0.10273678
-0.048959162
0.095627226
0.002957456
-0.32389137
0.28016844
0.19775599
-0.26981226
-0.053812906
0.92532367
-0.45491314
0.026947046
0.33502954
-0.45054582
0.20707603
-0.31179044
0.54968894
0.04250895
0.107214965
0.758679
0.35416576
-0.5424271
-0.1339553
0.3811345
-0.18449587
0.37797892
-0.37910038
-0.242923
0.647958
-0.026613424
0.22609426
0.4788598
0.19184904
0.08188139
0.11304692
-0.5979085
0.94083035
-0.5456594
0.33743513
0.70576864
-0.24043067
0.8187483
0.016085308
-0.8861587
-0.030965904
-0.55664563
0.3966322
0.50676227
0.11511694
-0.023635654
0.093935095
-0.58533424
0.031716194
-0.61174613
0.81858736
-0.5274321
0.85841465
0.57355183
-0.6028862
1.0231472
-0.7036597
0.52893287
-0.02016869
0.36061582
0.40962446
-0.002618913
-0.1598891
1.0505474
0.045850147
-0.22709903
0.31463975
0.124711424
0.004729405
-0.041633546
-0.4026805
0.6972465
0.27407572
-0.15163742
0.6056362
0.55365056
-0.42756194
0.3716562
-0.5092932
-0.54571444
-0.08227209
0.6794567
0.3379028
-1.0245135
0.34316856
-0.4404001
0.33207276
-0.98552823
0.165098
-0.70446485
-0.12426286
-0.7953091
-0.039063342
0.15703766
0.9439783
-0.17819063
-0.3145586
-0.40071148
0.053348195
0.5446673
-0.27500844
0.19038807
0.06959145
0.2557494
0.19643217
0.22253111
-0.5855248
0.013481489
0.20112795
-0.56185776
-0.050206605
0.74985844
-0.48902157
0.27734533
0.48630068
-0.13791786
0.4222431
0.003493897
-0.53890693
-0.27784994
-0.53163475
0.99240685
-0.091652796
0.20511962
-0.51346356
-0.1580487
-0.45788202
-0.35505778
-1.0272113
0.07097627
-0.38229212
-0.06990499
-0.6364509
0.5386962
0.14701357
0.21709888
-0.6262831
-0.08722542
0.21007824
-0.8283439
0.011001909
-1.1711854
1.045438
-0.073038705
0.226246
-0.42430735
-0.40102145
0.19243437
-0.2585313
-0.5883961
0.51215726
-0.22282897
0.64161694
0.326972
-0.47023776
0.39766744
0.8314593
-0.6070238
0.0055449503
-0.63201064
-0.09060503
0.742564
-0.54017663
0.13853768
-0.4303362
0.21858662
0.08582835
0.13339862
-0.06325871
-0.30607402
-0.5561447
0.6981433
0.26825735
-0.17939731
-0.28262916
-0.5734479
0.577993
0.2845501
-0.41396862
-0.26233205
0.11637995
-0.16982101
0.81253564
-0.09817403
-0.02197732
-0.1787997
-0.46278858
0.62779635
0.19392942
-0.34751773
0.017673194
0.59128785
0.4199604
0.21830711
-0.35485718
0.113524735
0.08597704
-0.87605965
0.22521171
-0.40856218
0.4706407
0.21714431
-0.5316733
0.22951192
0.05799058
0.45446458
-0.4526884
-0.29393578
0.48290268
0.15423737
-0.78193206
0.19759195
0.5515085
-0.09264258
0.05359795
0.5805868
-0.4186539
0.03239887
-0.029539283
-0.11868961
-0.24901979
-0.094945684
0.20314375
0.26778987
0.059021182
0.2085567
0.6104836
0.08663544
-0.0058630854
-0.14723629
0.13332105
-0.39159945
-0.54544914
0.3225995
0.18937784
0.23455596
0.17200537
0.5219887
-0.26885825
0.1833795
-0.94958526
0.30038038
0.2248174
-0.11867501
0.08646283
0.44844335
-0.08671566
0.032924477
0.037278865
-0.26432705
0.5231127
-0.6052836
0.21545798
-0.21506423
0.5303483
-0.5150558
-0.046474166
0.28540993
-0.20550446
-0.010043471
0.3666417
-0.097959235
-0.5726958
0.60850376
-0.49701813
0.34605116
-0.05918265
-0.36031407
-0.08186156
-0.8281129
0.5444104
-1.0122904
0.23233654
-0.13363221
0.48767224
-0.51836216
0.3322071
0.0054025166
-0.43624264
-0.79740304
0.56966144
0.5043588
-0.25891158
-0.020839477
0.2886357
-0.10843985
0.1980564
-0.28744233
-0.02785233
-0.5401104
-0.00440541
-0.018531123
0.03340651
0.18121146
-0.09795877
0.0986915
-0.4566044
-0.082678534
-0.089826725
0.047587983
-0.2670973
0.3730126
-0.14396124
-0.76141614
0.23542954
0.029670628
-0.38825485
0.1605096
-0.20547846
0.18848747
-0.40750447
-0.025826538
0.15089309
0.3243215
-0.56055117
0.6069961
0.1553539
-0.9379028
0.63675654
0.36378962
-0.16281047
-0.49040025
-0.04691334
0.85554487
-0.8699504
0.1074335
0.41802347
0.16397606
-0.8345803
-0.08667135
-0.56054837
0.66456664
0.4590406
0.6800597
0.07139872
-0.4848222
0.16938733
-0.035715956
-0.57263285
0.31251788
0.08196147
-0.16700543
0.71097136
-0.06725321
-0.077001885
-0.18614823
-0.24455585
0.6809291
0.3387898
-0.2310027
-0.5755713
0.35302255
-0.0056883935
0.03182309
0.033803694
0.52389187
-0.5053282
0.1457456
0.514402
-0.755828
0.5658917
0.12346753
0.42705202
0.02169791
0.04653623
0.12211779
0.3361107
0.57645726
-0.7129839
0.41746512
0.29733768
-0.43111035
0.70479226
0.06307387
-0.3193751
0.39687887
-0.43132403
-0.2900948
-0.376772
0.17100762
0.5639399
0.17714818
-0.1421287
0.08059077
-0.30805808
0.06268341
0.244452
-0.17578346
0.37482414
-0.3099262
-0.47792926
0.31213105
-0.36406288
0.19214411
0.09051802
0.09402883
-0.34750333
-0.42418322
-0.7707272
1.3096738
0.5200105
0.21692942
-0.6021414
-0.2101611
0.36948952
0.22990175
-0.36749786
0.0786971
0.27060497
-0.3380142
0.24373063
-0.26806137
-0.3607486
0.7201339
0.33786908
-0.7069825
0.52189904
-0.4342077
-0.36002216
-0.044632763
0.4573786
-0.5922217
0.27473643
0.6297734
-0.52808404
0.42610765
-0.5298379
-0.26243648
-0.2309696
-0.27890685
0.291201
-0.5423638
0.59667826
0.08273793
-0.33372965
0.32522082
0.008053169
-0.7274604
-0.048377495
0.3217318
-0.31008318
0.26830256
0.84999925
-0.11213606
0.11793137
-0.61699456
0.1273955
-0.12537116
0.32574227
0.33226293
0.008406855
0.585351
-0.7215191
-0.6164365
0.6823367
0.21210441
1.1154027
-0.44170114
-0.11142907
0.078265816
0.644061
0.09754214
0.122498676
-0.75179553
-0.60957295
-0.010817442
0.54551446
-0.3271895
-0.8785042
-0.12804125
0.03516725
0.6388493
0.12219072
0.178234
-0.5802005
0.2779864
0.09088761
-0.34298596
0.15191807
0.02189164
0.08718615
0.4904615
-0.21894518
-0.16884658
0.077112064
-0.220887
-0.2263491
0.17206584
0.2755771
-0.3503282
0.14915702
-0.08682838
0.27943048
-0.004374277
-0.1821849
-0.07014183
0.4828496
-0.29554033
-0.39196613
0.13533533
-0.12239753
0.12438158
-0.20204632
0.32011253
-0.12990229
-0.22860405
-0.25072968
-0.10562706
-0.04288762
-0.04537926
0.22522938
-0.15712896
0.43584085
-0.2544879
-0.15683772
-0.925869
0.91479564
-0.482864
0.5610336
-0.35512298
-0.53020424
-0.75916564
0.8077551
-0.21925274
-0.5256923
0.3249366
0.15497647
0.2679501
0.41496292
0.89985657
-0.0070358184
0.29966664
0.45614234
-0.37812614
-0.441745
0.1797524
-0.47878882
0.5780747
0.83946085
0.009199833
-0.14121854
0.5164952
-0.4944441
-0.1734508
-0.5903402
0.21032327
-0.052263785
0.3478956
0.227919
-0.12148414
-0.7205232
0.48413488
0.30394626
-0.14789301
0.33515602
0.20386812
0.2832772
0.2883218
-0.12023411
0.5818359
0.45219198
-0.95794636
0.25369522
0.22374576
0.25932148
0.032378472
0.32503656
-0.44370937
0.21117714
-0.18383788
0.21231137
0.13433684
0.11643732
0.3670221
0.51318043
-0.48859677
0.5284833
-0.61340487
-0.1952896
0.013129099
-0.29340702
0.68800265
0.35913813
0.2514489
0.25221294
0.8359954
-0.55211
0.07993174
-0.46890944
0.6270159
-0.041020617
-0.046364613
0.30655143
-0.7824548
0.18092021
-0.54678607
-0.13694139
0.43279785
0.35387778
-0.41694602
0.2697346
-0.8378172
-0.29364637
-0.011874173
-0.021034809
0.018512227
-0.09109201
0.11079241
-0.04575788
0.12002349
-0.32581055
-0.24093449
0.30578426
-0.012891624
-0.56039166
-0.1342932
0.32409152
0.41620624
-0.34412077
0.14123303
-0.20826861
-0.15029371
0.4657842
-0.039586727
-0.14390439
-0.48720837
0.012937799
0.36430484
-0.18188672
-0.39116305
0.13818347
-0.31890884
0.1292099
-0.672749
0.20518033
0.0893351
-0.33856493
0.032980606
-0.77476746
0.10789944
-0.364141
0.34022853
0.86913437
0.25919127
-0.6166409
-0.18502599
-0.4146095
0.13790207
-0.37442908
-0.12918197
0.51369685
-0.13274668
-0.2608803
0.1340024
-0.72381186
-0.75054044
-0.049378224
-0.37950513
0.2157622
-0.28736347
-0.3002236
-0.17441194
0.94842076
-0.2626187
0.27785918
0.12989748
-0.118891306
-0.043019067
-0.35138592
0.08688613
-0.39069045
-0.13717856
-0.07634934
-0.3911272
0.36522523
-0.28989512
-0.28633365
0.18720922
0.20007165
-0.108033076
0.055137996
-0.099888794
-0.30120593
-0.12978409
-0.21260007
-0.05020274
-0.47304678
0.32882783
-0.19260085
0.26050597
-0.018048115
-0.5684018
-0.385037
0.33983654
-0.17510842
-0.27869725
0.14309984
-0.2528128
-0.12814245
0.08998581
-0.44798413
0.56067085
-0.5620585
0.7905823
-0.23351587
0.75480723
-0.52831846
-0.6019351
-0.1538108
0.5152836
-0.71940404
0.15693969
-0.73728174
-0.20564795
-0.040044807
-0.60204417
-0.16597705
-0.14437713
0.74896884
0.3394658
1.1730741
-0.23669262
0.26551726
0.38023525
0.615709
-0.46248937
-0.035563935
-0.70338845
0.35033274
-0.059174113
0.1517036
0.15689854
0.55103236
-0.20014167
0.121767975
-0.11280353
-0.7075016
-0.5416666
0.45098543
-0.12016116
-0.22052109
-0.21052839
-0.28883225
-0.6424822
-0.082610704
-0.285845
0.16825092
0.415087
0.7120166
-0.60413706
0.38566613
-0.64481294
-0.17105292
-0.71050054
0.04503875
0.30225727
-0.06809459
0.15516406
-0.4507115
-0.74887013
-0.0616986
-0.08878668
-0.11237322
0.445569
0.13470946
-0.25286424
0.44906434
0.012803534
-0.586404
0.08154968
-0.35355788
1.0677593
-0.1107328
0.75720066
-0.24897893
1.1082486
0.36412907
0.34126365
0.25458583
-0.033425935
0.69507265
0.0169795
0.067303866
-0.6777215
0.2354929
-0.9001548
0.27757353
-0.42399105
-0.04742511
0.07683963
0.5267686
0.34971446
-0.21684104
0.008105463
0.15971355
0.21301578
-0.08299615
-0.03089407
-0.02732074
0.04428958
-0.49418077
-0.1535506
-0.17188732
-0.3085172
-0.3144173
-0.057977438
-0.24957424
-0.0012316696
0.24705526
0.42490265
0.19629121
-0.4206378
-0.3838332
0.65238506
0.23892602
0.51880926
-0.114311606
-0.2583509
0.17440686
-1.034565
-0.42589405
0.54784846
-0.72139996
-0.001451253
-0.52227545
0.53378516
-0.5622108
0.3273404
0.18955839
0.41986144
-0.042661767
0.04261742
0.264856
0.16575949
0.14718884
-0.40773267
0.16047253
-0.39890045
-0.9601381
0.2924151
-0.614323
0.4031795
0.008575441
0.15422538
-0.42437848
0.18447758
-0.03351723
0.4510804
0.3668064
0.019816121
-0.26307017
-0.1249739
-0.1919161
0.16734841
-0.24101384
-0.6606478
0.664893
0.0980924
-0.23859757
-0.17066053
0.7456316
0.054482948
0.607545
-0.16892353
0.95241773
-0.41964382
-0.050800562
0.039926436
-0.2597923
-0.1160416
-0.6731665
0.064757906
-1.000464
0.105016015
-0.26841864
0.21767473
-0.34947
-0.08169071
-0.14739087
-0.83434176
0.072471574
-0.7338492
-0.11944268
0.23736863
0.54890996
-0.78351885
-0.3766477
1.249362
-0.40514085
0.6592407
0.020742768
0.7522189
-0.601453
0.044537317
-0.55637276
0.59531075
-0.78911334
0.36278978
-0.33655778
0.0054496774
-0.37498692
0.15213585
0.5462069
0.03460964
0.8243461
-0.8733605
0.8251121
-0.6992621
-0.38280448
0.7896803
-0.89978135
0.3405282
0.22848831
0.023013903
0.039404307
0.13568626
0.5465047
0.034814883
-0.11470161
0.50782377
-1.0002456
-0.08773013
-0.023980148
0.33259404
-0.33025777
0.34830365
-0.25788373
-0.4524532
0.2694863
0.29654223
-0.73715323
-0.36346456
-0.33851722
-0.21585198
0.24664178
-0.10610136
0.9259476
-0.58109283
0.22451873
-0.45286557
-0.090445265
-0.0069904244
-0.031443484
0.48540008
0.11931503
0.15898307
-0.07374422
-0.5594971
-1.0121431
-0.41288778
0.61846495
-0.23448601
-0.15748163
-0.17255601
0.146855
-0.11824991
0.7002928
-0.1814121
0.53638756
-0.72949386
0.06022554
0.16048853
0.18211162
0.59408367
0.04017665
0.015310554
-0.81728905
0.6315701
-0.10416194
-0.39819503
0.50379866
0.004342792
-0.9826464
0.2925992
-0.11883669
0.2899252
-0.17222728
-0.77620566
0.88400936
-0.64439225
0.03238517
0.09151816
-0.16330005
-0.23191403
-0.019098846
0.037188485
0.5432362
0.14855887
-0.61549824
0.39661935
0.28343546
0.13958801
-0.3316386
0.13567105
-0.15063477
0.4450436
0.033613015
-0.3345676
-0.12749167
-0.4562824
-0.3993843
-0.04169362
-0.1929182
0.20439857
-0.06901188
-0.07172386
-0.39536163
-0.5415654
-0.35353082
-0.48491406
-0.41962948
0.02760667
0.65781385
-0.049561813
-0.13253115
0.008522759
-0.15996706
0.19746092
0.69143724
-0.68483686
0.10948128
0.064200744
-0.12008991
-0.24148747
0.11612854
-0.24206217
-0.2544104
0.2221604
-0.48670828
0.87662697
-0.14043115
-0.72069776
0.8952612
-0.5042416
-0.045770463
-0.7407311
-0.6677673
0.49965817
0.3974961
-0.35143054
0.26263285
-0.3917568
0.6320639
-0.051885556
0.22508718
0.30462292
-0.44916403
0.6473824
-0.16596065
-0.945203
-0.78037494
0.07527197
0.48477024
-0.06266645
0.5214798
0.2712395
0.12831627
0.069814116
0.33853793
0.20657504
-0.13772607
-0.26631013
-0.23228279
0.344134
-0.34405237
0.30883315
-0.21070425
0.37112558
0.44324237
-0.34327906
0.517015
0.08481295
0.09382002
0.38821325
-0.3673912
0.26010427
0.027376167
0.587576
-0.14262106
0.11486618
0.47507957
0.56920755
-0.097163275
0.30559996
-0.04950429
-0.092802
-1.3403807
0.6081622
-0.031795427
-0.026648682
0.082800835
0.032953892
0.024558833
-0.06315503
-0.007376127
0.23643614
-0.5886509
1.1843302
0.19834627
-0.56215376
0.18555596
0.025766509
-0.6155086
0.2909378
-0.07625556
0.13871402
-0.25550726
0.25259694
0.16194174
-0.60098803
0.079420954
-0.5782489
0.52236605
-0.08904301
0.6081388
-0.35722268
0.18272069
-0.6343209
0.011454881
-0.15369742
-0.11163832
0.18403678
-0.29625174
-0.030033942
-0.2607925
0.06666856
-0.16408463
-0.2610605
0.8059039
-0.2594204
0.2451397
-0.43646333
-0.40373456
0.17914085
0.003390303
0.44616058
-0.30457062
-0.5597405
0.2133377
-0.7021946
-0.2057383
-0.21425918
0.19028309
0.24281186
-0.80463225
0.59463525
-1.1740621
0.56947273
-0.27098718
0.3857692
0.23573346
0.05958887
-0.30593622
-0.15233834
-0.3794097
0.44918457
-0.20006597
-0.11362466
0.041920003
0.3724072
0.07448592
-0.7722513
-0.045288328
0.1180618
0.7837142
0.20128185
0.5693107
0.54349875
-0.35720372
0.108222276
-0.15617901
-0.4230372
-0.37099335
0.04331872
0.26585534
-0.33378565
0.3937771
-0.017277787
-0.03905968
0.13960285
-0.30371958
0.0032655313
0.00974536
0.17856993
0.16729124
0.17108321
0.41218233
0.38322666
-0.87424403
0.39612597
-0.6274861
0.5249555
-0.8300867
0.7830905
0.51175505
-0.11457057
0.092726514
0.7574694
0.11974854
-0.12852064
0.26543155
0.027095605
-0.06539158
-0.5609286
0.6764325
0.3721792
-0.009457922
0.030985605
0.2807693
-0.35056955
0.33042893
-0.33709845
-0.30778104
-0.15571038
-0.022102103
0.25758833
-0.2392846
0.074546956
0.50805515
-0.7430764
0.46857625
0.15913631
-0.12115809
-0.79378814
0.6443154
-0.13035184
0.3085953
0.77240527
0.07856948
-0.28293592
0.079299636
-0.49551588
-0.41722208
0.5683553
-0.21028887
1.1040022
-0.34991318
0.50431454
-0.12640953
0.4099388
-1.0637054
0.5016594
-0.4689772
0.29356238
0.52596474
0.0013608688
0.42000115
0.11845679
0.025564883
-0.018100804
-0.042366277
-0.4210293
1.1439316
-0.73394775
0.48535243
0.15280752
0.62092716
-0.5028779
-0.08698817
0.48271367
-0.2611071
0.07784024
-0.3471649
0.3655866
0.10683181
-0.07342705
-0.12549107
0.7151983
-0.8191015
0.17111632
0.0556403
0.20323707
0.2584869
0.60071963
-0.17199309
0.37728706
0.77867395
-0.31367117
0.35935193
-0.62023723
0.54831535
0.051209543
-0.3193877
0.25119296
-0.5401227
0.18430033
-0.02293731
0.23270598
-0.14442243
0.37826166
0.121083505
0.037011318
-0.35651374
-0.14223258
0.34471214
0.2146953
-0.2915223
0.28302598
-0.3102452
-0.7636051
0.4099238
-0.7542129
0.43520734
0.705614
0.097704664
-0.19551024
-0.30501434
0.2988687
0.39522222
0.08648805
-0.41117734
0.16829775
0.22219966
0.29051626
-0.1952157
0.12995192
0.057240214
0.03666826
0.20387033
-0.60619056
0.37155712
0.12393402
-0.026697004
-0.11601412
0.23066919
-0.14364634
0.16509388
0.39487404
-0.2991664
0.5804821
-0.2526302
0.39247835
0.5992063
-0.43056428
0.43231198
-0.18553595
0.31397894
-0.42565992
0.0690949
0.65901107
-0.32614183
0.044269674
0.028789978
-0.2989364
-0.009047414
0.45064944
-0.37372905
-0.08358977
0.7768973
-0.2938839
0.4398043
-0.30312937
-1.9780162E-4
-0.5484237
-0.16798048
-0.17183769
-0.8673022
-0.264451
-0.50860125
-0.6054122
0.6760827
0.31572384
0.3225694
0.8104281
0.32066852
-0.049477287
-0.0102365455
-0.121467076
-0.07282202
0.3554665
0.5309872
0.014831967
0.14086388
0.25232378
0.47278458
0.5748279
-0.09214889
-0.120275974
0.17645678
0.33684286
0.0028089485
-0.10017963
-0.58436865
0.31465468
-0.10258226
-0.21689537
-0.12059739
-0.17135398
-0.4648597
0.13843559
-0.4815857
-0.0923931
-0.050987683
-0.45672217
-0.28228936
-0.24115725
0.029507903
0.11640468
-0.18121302
0.3189261
0.33240664
0.4906609
-0.022876974
0.41572145
0.1588997
-0.076620094
0.12269836
0.19740744
0.25124454
-0.20851658
0.23884341
0.35893974
-0.058092017
0.102015264
0.40566584
0.106947675
0.008810253
-0.07091288
0.007965316
-0.83268756
0.39657864
-0.23860937
0.87460065
0.31597915
-0.5702554
0.39811924
0.08529266
-0.85679835
-0.36394966
0.9263969
-0.0030070734
-0.8828441
0.84752595
-0.45509332
0.0808932
0.5654066
-0.13838424
-0.40125588
0.123742454
0.33246288
-0.20077172
0.4474679
-0.11690117
-0.156569
-0.17355174
1.0288378
0.19494008
-0.17395699
0.58667624
0.0108497795
0.77494127
-0.4200485
0.05155161
0.06228659
0.42928052
0.48385373
-0.07039271
0.14218256
1.1070926
0.14948931
-0.17972127
0.1395918
0.099790886
-0.16024745
0.1944799
0.13021168
-0.13987763
-0.48886013
0.4177852
0.8799819
-0.5471522
0.59162664
-0.34376982
0.07729217
0.40825427
-0.34171838
-0.19116582
0.032373637
0.27075672
0.14208424
-0.087583
0.5880786
-0.15300065
-0.28415585
0.2935609
0.41724688
-0.37019086
-0.0031092132
-0.15848497
-0.76895267
-0.32940987
0.66996264
0.3356045
-0.58293927
0.69724315
0.1803616
0.6803942
-0.99470305
0.36066917
-0.09915347
-0.09769192
0.08293994
-0.29666856
-0.15830971
0.09954091
0.3958345
-0.51688224
-0.19776519
0.1968976
-0.91277856
-0.32061544
-0.016643615
-0.32677728
-0.73012644
-0.73541254
0.11067584
-0.27647594
-0.26467913
-0.6020118
-0.40053338
0.38196498
-0.6771865
-0.6166731
-0.15827714
-0.16884394
-0.4892684
0.3450019
0.20470995
-0.044976655
-0.41365632
0.073108725
0.3431776
-0.39861238
0.07616926
-0.5848384
0.505459
-0.09589998
0.40954003
0.07258313
-0.10001112
0.51477635
-0.7137115
-0.23697755
-0.5562822
-0.00489746
-0.5734633
0.7055846
0.80246335
0.22824751
0.0036945753
-0.18839808
0.7118618
0.3292389
-0.20312749
0.8069082
-0.3466298
-0.49991736
-0.16697083
-0.1398345
-0.26929137
-0.13849257
0.35810724
0.025232913
-0.21433686
0.09466003
-0.13145056
0.27346733
0.16273913
-0.7262418
0.4885792
-0.28086227
-0.2683531
0.052924637
0.20887522
-0.1030436
0.73769104
0.19898148
0.65598744
0.09866757
0.15550394
0.77158433
-0.042885125
0.50918394
0.0015171334
0.34619856
0.25993326
-0.096602626
0.18071999
-0.1987642
-0.4147579
0.68657714
-0.7786312
0.15247123
0.22624639
-0.03950596
-0.14033702
-0.12745951
0.23683774
-0.16138873
0.33714095
-0.33444703
-0.060292624
-0.09515369
-0.3520342
0.17144251
0.53290564
0.061029863
0.047056373
0.5067023
0.061311238
-0.18605942
0.23749994
-0.05566327
-0.026161738
0.060298845
-0.23826076
-0.11376069
-0.010555511
-0.6602155
0.50017554
0.2865761
-0.15747781
0.53006256
0.16569369
-0.10279816
0.2904314
0.013309458
0.6428963
-0.39865455
0.06985026
-0.22490422
-0.15454924
0.7600076
-0.47880006
0.3874735
-0.07671577
0.5341231
-0.27405044
0.27254224
-0.10622785
0.99587137
0.07161287
0.058524095
0.097154275
-0.7018779
0.26585805
-0.08721128
1.2909585
0.058773838
0.11502741
-0.18011944
0.44247013
-0.2509575
0.3970185
-0.47555235
0.5823518
0.045416605
-0.31618518
0.24450617
-0.42077985
0.6785383
0.011543672
0.38269398
0.27956873
-0.5007852
0.7666748
-0.21715635
0.07736868
-0.1419809
0.33241963
-0.64508086
0.20814879
0.21990556
0.14233917
0.2269568
-0.4573805
-0.32253852
-0.14160559
0.92376655
-0.0700549
0.31982464
0.28492516
0.09212853
-0.13244548
-0.14785755
-0.015029635
0.4383934
-0.58866775
0.1515707
-0.39318532
-0.055884674
-0.19220747
-0.4321985
0.33904108
0.31404328
-0.25081402
-0.2613146
-0.23519489
0.19555101
0.50556135
0.081641786
-0.5768421
-0.6503181
0.7178423
-0.6020226
0.0050427224
-0.2521788
-0.62160903
-0.4644574
0.16826001
-0.5612018
-0.30027798
-0.041103117
0.055286583
-0.92618704
0.20924667
0.8073403
0.034696642
-0.014507596
-0.388398
-0.28102365
0.21266071
0.3318599
-0.32058486
-0.2246341
-0.19401771
-0.49514088
-0.4071589
0.29952776
0.20603898
0.012281228
0.27677134
-0.21575299
-0.50483364
0.10063495
0.52832514
-0.5828967
0.114032395
0.15622684
-0.49012384
-0.32366285
-0.099961944
-0.6615239
0.299161
0.09397944
-0.01417968
0.23495112
-0.072955266
-0.5763459
0.27929398
-0.87108886
-0.46300974
0.34590444
-0.29527938
0.47445616
-0.08606302
0.22571279
0.42902127
-0.5623278
0.7112242
0.31419048
0.041721396
-0.19977637
0.09415265
0.49047518
-0.9686685
-0.39762735
0.36946326
-0.17790678
0.4921424
-0.31787404
0.51830226
0.42657852
-0.14150438
0.6019737
-0.19882032
0.9315117
-1.1599767
-0.4512518
0.37947318
-0.11336452
-0.24228655
0.09667436
0.3279434
0.4915229
-0.26168296
0.41648683
-0.14813608
0.04635023
0.53592616
0.22616471
0.0124968225
-0.72642773
-0.5264623
-0.22187714
-0.36100137
0.34942427
0.6683912
0.066097476
0.35795856
0.4982843
0.051507372
-0.1672052
0.018922001
0.21601397
-0.17387614
-0.2235138
-0.36877453
0.39095545
-0.6448552
-0.10017856
-0.26253816
0.25575516
0.061012134
-0.11678236
0.06640046
-0.1460495
0.2519432
0.33170208
-0.47598782
0.35863388
-0.28670427
-0.17875805
-0.10012726
-1.0770043
0.22114965
0.28183576
0.033616047
-0.20275255
0.02006487
-0.69787735
-0.09592327
-0.23859818
-0.15884729
1.0908471
-0.2122842
-0.5585779
1.0511179
-0.078258105
-0.34311363
-0.4475993
-0.14668474
-0.32425725
-0.17269136
-0.091861494
0.80397856
-0.38871336
-0.56741345
-0.33110344
-0.28670248
-0.20674498
0.6226922
-0.11362012
-0.44437212
0.041631337
0.63650227
-0.2759132
-0.3674912
0.12403496
0.15197727
-0.52506065
-0.45268214
-0.4400857
-0.5973656
-0.24523638
-0.6577871
-0.47531733
0.05938547
0.13333425
-0.33049527
-0.57196397
0.8253367
-0.348316
-0.30127683
0.5870248
0.35857496
-0.43012315
0.49385202
-0.048243858
-0.5601477
0.5869562
-0.3522286
-0.42678067
-0.109349474
0.37064496
-0.040779963
-0.6419907
0.24583773
0.1114267
0.45150244
0.20457235
0.046678256
0.14010051
-0.8158414
-0.12966667
-0.21609624
0.41416982
0.24640521
-0.0058433334
0.019520294
0.49100736
-0.025228182
0.24257934
0.5259456
-0.16004992
-0.48213154
-0.6137623
0.22643909
0.1255296
0.041034006
0.74899584
-0.039983187
0.18015216
-0.20751566
-0.24349646
0.30523252
-0.46969095
0.3306938
-0.2738366
-0.1893474
-0.0054123923
-0.12225462
0.5267463
0.033921592
0.4308899
-0.30515432
0.4552147
0.52742505
0.36548522
0.252589
-0.2900325
0.14901371
-0.77048683
0.86875194
0.32795542
-0.5968028
0.6211207
0.41626698
-0.44772577
-0.17433594
-0.439347
0.15072739
-0.6412674
1.042524
-1.0350257
0.6466003
-0.5050717
0.059075918
-0.08030519
0.005020901
-0.3309511
0.38454494
0.117692046
0.10511528
0.3143585
-0.087856404
0.18087173
0.05597346
-0.018709714
-0.27442402
-0.17397304
-0.35779333
0.103964604
0.06901579
-0.3399199
0.46708712
-0.92078435
0.025277093
-0.009494719
0.016176892
-0.3779652
0.3391442
-0.1268178
0.37257457
-0.20949902
0.2721506
0.4152559
-0.81750077
0.49099684
-0.2861402
0.44667313
-0.9365893
0.50905824
-0.49801648
0.7182495
-0.15911931
-0.65200394
-0.5479707
-0.38110307
0.32315338
-0.16131555
-0.5442487
-0.013870172
-0.14237855
0.4954346
-0.583218
0.8473452
-0.56590116
0.26936427
-0.5518398
-0.4551764
-0.22622555
-0.25295898
0.36703542
0.38248515
0.07004298
-0.28114307
0.7851721
-0.26182953
0.6479288
-0.5997482
0.62019503
-0.34129116
-0.26835364
0.46342173
-0.044602294
0.22030395
-0.745407
0.24829301
0.33672523
0.30920908
-0.3840102
-0.9566397
1.0799891
-0.29057032
0.1577858
0.040629487
0.5609624
0.67580634
-0.173226
0.3919237
-0.26209736
0.30189818
-0.43158278
-0.35056606
0.49904191
0.10147182
0.024095453
-0.2998424
-0.12459179
-0.06844736
0.90083987
-0.8037598
-0.15306433
-0.20928088
0.1765514
-0.22525607
0.34718594
0.30754256
-0.20800808
1.1780316
-0.16963738
0.9721835
-0.7875145
0.5532117
-0.22090657
-0.009633853
-0.3457116
0.20048653
0.76737714
0.4267895
0.076889805
-0.10161523
0.24460186
0.17732267
0.2547678
-0.013993589
0.4885222
-0.25041735
-0.24919516
0.06687774
0.09925425
0.15148069
-0.3505681
0.049657054
0.026857268
0.28597447
-0.2911306
0.34747273
-0.3281079
0.45899397
-0.60314643
-0.20124415
0.1615174
0.39047185
0.07606701
-0.09087931
-0.5771041
0.06822364
0.080639124
-0.60280937
0.15555151
-0.1458864
-0.6072621
0.13755512
-0.008355125
-0.155803
-0.3916802
0.09950381
0.5505731
0.062852874
-0.08316057
-0.44063044
0.35715172
-0.14789453
0.28449443
-0.1066831
0.33862197
0.31993198
-0.19333187
0.29273057
-0.47659713
0.49244606
-0.33232033
-0.4208721
0.18825871
-0.01786803
-0.0059855888
0.39654055
-0.30470642
-0.085086815
0.4996702
0.13634588
-0.205572
-0.5628873
0.486722
-0.19518565
-0.14887595
-0.2133837
0.15017927
-0.5979316
-0.6059292
0.33526632
0.35444683
-0.7324067
-0.21445374
0.85355407
-0.6644727
-0.24332331
-0.42078173
-0.22124349
0.2989039
-0.37315887
0.13199861
-0.30397692
0.25032368
0.29070032
0.249291
0.2823443
-0.94747865
0.059515294
-0.19992968
0.19409707
-0.2679314
0.1969733
0.14105795
0.31444186
0.61103415
-0.6158451
0.4986189
-0.491983
0.37634164
-1.2460853
0.17889218
0.4600718
0.14149806
-0.017513366
-0.18194221
0.10220275
-0.5298208
0.3160281
-0.27094588
-0.6583274
0.13401209
-0.7268527
0.7171202
-0.21914278
-0.34247965
-0.13169718
0.3897579
-0.5130538
-0.5107784
-0.21628784
0.4528774
-0.2502671
-0.09711464
0.054853432
-0.17201951
-0.29383916
0.4338844
0.6378727
-0.16081125
0.61994725
-0.7604528
0.32868037
0.62796396
-0.9008741
-0.04632032
0.3629305
0.2648841
-0.8296308
0.05762619
0.5968771
-0.23255296
0.06830059
-0.30611116
-0.1220437
-0.30256483
-0.1049959
-0.26221567
-0.22166571
-0.18146883
0.6214945
-0.57582194
0.5917107
-0.26713714
0.41070455
-0.3808063
0.619887
-0.4517101
-0.74610376
0.22511499
-0.11337725
0.43868577
-0.24637415
0.028109707
-0.059138115
0.6410891
-0.23998894
-0.15285888
0.04954827
-0.4034198
-0.49308762
0.2792409
-0.78791755
0.40282908
-0.35273668
0.6414544
-0.1186107
-0.15395898
-0.025464565
0.46409374
-0.56665725
-0.3822824
0.54426235
0.05194459
-0.15136899
-0.2145893
-0.2605305
0.5049918
0.48141637
-0.12841342
-0.704133
0.57455224
0.26650605
-0.42615688
-0.94450575
0.2404669
-0.3301222
-0.067473084
0.8599991
-0.8933326
-0.18074599
0.065780684
-0.30683932
-0.5088441
0.35687768
-0.1427235
0.23934153
-0.41571262
-0.13217206
-0.20730731
-0.5609976
0.17495956
0.23870544
-0.21523468
0.32131165
0.4408489
-0.42809734
-0.27971056
0.097208574
0.2134005
-0.030997152
0.05973563
0.40471852
0.15747201
0.23055305
-0.028167898
0.022574292
0.15127845
0.22950192
-0.012190282
0.026281517
0.026525047
-0.10067734
-0.010367228
-0.4671149
-0.1787149
0.42312077
-0.43272388
0.14661102
0.0069322605
-0.45796168
-0.44580883
-0.23012818
0.03166256
-0.16190489
0.06925415
-0.33076093
0.49632543
-0.7220538
0.38294068
-0.14006546
-0.08012115
0.9647892
-1.135831
-0.33700025
0.5571311
-0.7208801
-0.16925457
0.845532
-0.5001229
0.88593525
0.12237273
0.12686366
0.4708453
-0.23082933
-0.62215555
0.6665748
0.35586715
-0.5494327
0.4162643
-1.1857806
0.7850524
-0.4729936
0.87146616
0.88884157
-0.39537564
0.37673378
-0.26768664
0.035247616
-0.54173565
0.028071752
-0.15422094
-0.1197217
-0.13368988
0.05053788
-0.1447622
-0.5772917
0.04834651
-0.21358311
-0.15554711
-0.35913143
-0.54906285
-0.26831934
-0.29804435
0.30161908
0.09966024
0.2502311
0.3290393
1.152361
-0.50951403
0.21857347
-0.80768085
0.018597534
0.47824863
-0.6493017
0.63285893
-0.52054477
0.26066527
-0.8454318
1.0106449
0.4188949
0.08668691
0.33789483
-0.78401476
-0.32039157
-0.51341075
0.16822034
0.122473605
0.40032026
0.5615891
-0.49878484
0.5140581
-0.5576355
0.113257974
0.07104879
-0.077804476
-0.26685044
-0.58102953
0.7240069
0.87820345
-0.47472644
-0.3257403
0.80871564
0.3461407
-0.21487837
-0.1536341
0.17044707
6.934302E-4
-0.45738044
0.21824217
-0.657442
0.018472847
0.3270422
-0.13653083
0.4705279
0.30736098
0.29046685
0.29404384
0.3847339
-0.7042674
-0.18027231
-0.07569987
0.6839668
-0.20916067
0.7794613
0.48609582
0.44470185
0.09689945
-0.17333189
-0.6916593
0.22242634
-0.28657454
-0.35231104
0.6266064
-0.44930944
0.2599527
0.38954368
-0.22995892
0.5443095
0.49392375
-0.3764097
1.430092
-0.82686454
-0.14642155
-0.2934177
-0.0011806627
0.39834836
0.48828277
0.91539717
-0.37376055
0.5474895
0.30764952
0.34241298
0.003915071
0.10799147
0.04957776
1.0982279
-0.48312217
0.086905904
-0.7619335
0.38454455
-0.25574082
0.3102964
-0.42375344
0.3067017
-0.13157839
-0.5585109
-0.30439687
-0.10728166
0.23711047
0.2012269
-0.35772124
-0.3944451
0.35034984
0.2454051
0.08849262
-0.24163488
0.5630833
-0.07279725
-0.41948336
-0.31253242
-0.09820351
-0.110356696
0.16509205
-0.026154488
0.024835788
-0.023598848
-0.10922074
-0.7828412
0.34941706
-0.62986857
0.4571454
0.038446236
0.24492644
-0.06892734
0.011166854
-0.29999942
0.069684386
0.4121723
-0.48961893
0.029511161
-0.3805177
-0.40374276
-0.32311603
0.44909778
-0.30932438
0.41413647
0.39399752
-0.77728796
0.41274047
-0.7409764
-0.0020969945
-0.23965204
-0.38639167
-0.018307753
0.08971393
-0.7604287
0.048838332
-0.23378071
-0.0678232
-0.066341445
-0.28344113
0.17867799
0.6812213
-0.21290343
-0.1283913
-0.3164505
-0.15427436
0.04841513
0.51999474
-0.53034186
0.094686136
-0.10311582
0.43738496
0.023679387
0.15656066
0.38535762
-0.32761428
-0.30324587
0.7647758
0.0059289625
-0.6101797
-0.041232742
0.22887544
-0.1747003
0.3468414
0.08107474
-0.29894593
-0.3136587
0.111265205
0.39213294
-0.47716156
0.8482925
-0.65952516
0.4135929
-0.59097904
0.7403767
-0.5157314
0.32778686
0.09904318
-0.032246076
0.09887123
0.42407227
-0.04664687
-0.19195877
0.30963022
-0.015760414
0.18615094
0.06360148
-0.9460105
-0.08777867
-0.3866859
0.6384746
0.07223513
-0.17063671
0.108046465
1.037208
-0.22315964
0.07759494
-0.09041663
-0.2217129
-0.05511028
0.6572241
0.6925236
0.18295884
-0.92140067
-0.21394312
0.3370474
-0.32842287
0.6638402
-0.14979488
0.27121705
-0.2747659
0.12583785
0.74122703
0.47191432
-0.7218639
-0.009349131
-0.008130088
0.4149557
-0.20644562
0.24563694
-0.3523654
0.6687734
-0.77837557
0.5997974
-0.6587558
0.8507081
-0.08821171
0.4566232
-0.8782482
0.24276812
0.59355
-0.9985395
0.47576025
-0.14928816
0.7693323
-0.6613676
0.3864887
-0.678781
0.7875727
-0.25721425
-0.4459621
0.34614295
0.056760777
0.25942513
-0.24416496
-0.4648985
0.06521476
0.13197193
0.61594814
-0.08775447
-0.1040836
0.6591532
0.40182376
-0.045086566
0.29514438
-0.3356984
-0.7294653
0.2203237
0.009992284
0.57835335
-0.16286758
-0.53164804
-0.46356097
-0.35395303
0.042532228
-0.57518995
0.18785504
-0.40212664
0.3074768
-0.11494638
-0.091951475
0.6163023
0.063762486
0.25393417
0.2226561
0.13702333
0.35154697
-0.65105397
-0.01991518
0.6261607
-0.15600209
-0.17353341
0.28185335
0.5782376
-0.24966331
-0.0060144076
0.43709868
0.15639728
0.18244494
0.3613388
-0.68239003
0.08236519
0.7469561
-0.016723175
-0.3982561
0.7156566
0.1791402
-0.3661982
-0.10587926
0.34009597
0.21892993
0.3718689
0.123598084
0.029706195
0.5463076
0.20650312
0.018738888
-0.093288474
0.3324305
0.29760313
-0.12875447
0.55406135
-0.035707764
0.404045
-0.10606208
0.26992255
0.12199204
-0.08032089
0.3441718
-0.45322442
0.2562094
-0.025432812
-0.7606456
0.21971563
-0.20848195
-0.31773698
0.4296433
0.7137564
0.14310811
-0.13070422
0.039945457
0.858825
-0.6004765
0.47716522
-0.09592451
-0.3241494
-0.022405036
-0.65092546
0.6478577
-0.6404647
-0.37834737
0.25862968
0.0495927
0.4618204
-0.77125245
-0.0020213844
-0.37101167
0.2725474
-0.11795786
0.4043929
-0.3953337
0.19866839
-0.022137618
-0.7723765
0.5464824
0.3168247
-0.2929155
-0.055025883
-0.30941543
0.1542595
-0.10723311
0.14980805
-0.14190248
-0.08370646
-0.22036129
-0.22019812
0.24236517
-0.28974128
0.2579351
-0.34083846
-0.27192894
-0.19819927
0.15817729
-0.03947862
-0.01502002
-0.7194929
-0.7614959
0.43177903
-0.0723955
-1.1432892
0.99184674
-0.44628325
0.15639183
0.33775264
-0.48978496
0.5956861
0.23842469
0.5118185
0.6121723
-0.18085532
-0.6490653
-0.39425117
-0.17706788
0.516438
-0.27098045
-0.273484
-0.00762679
-0.093126774
0.010017618
0.23901771
-0.5787094
-0.58884394
-0.11890031
0.0034412069
-0.4509218
-0.44070184
0.20587191
-0.65180004
0.21094754
0.7785891
0.43935964
0.023042621
-0.28070554
0.18693145
0.23635702
-0.84873605
0.20160219
0.49140584
0.11877829
-0.41370383
-0.18538877
0.7773342
0.37999415
-0.03057926
-0.39803278
0.5020896
-0.08482143
0.5387767
-0.53320223
0.20928918
0.08665072
-0.1376869
0.017331595
0.45371372
0.9319461
-0.34889245
-0.37462795
0.21462974
0.1307722
-0.41858065
0.5726833
-0.2577606
-0.60674036
0.5701568
-0.7404278
0.30099326
-0.24774854
-0.38539642
0.61977935
-0.44806817
-0.14669551
-0.08963193
-0.86358964
0.1702091
-0.08280877
0.7954697
-0.93786085
0.14811327
-0.06614972
0.7074841
0.5563685
-0.019551147
0.400157
-0.01423999
0.039947238
0.37626812
0.19960752
0.4715625
0.4563596
0.37000844
0.27377683
0.0904826
0.21642184
-0.22868589
-0.7360346
0.7473941
-0.3041059
-0.051573634
0.14228015
0.1127916
0.8747339
-0.7678779
-0.1824545
0.4399873
0.41715768
-0.17229486
0.305991
0.3577617
0.5255143
-0.3665153
-0.73031235
1.2032442
-0.30656546
0.46310708
-0.07277068
-0.19932476
0.2607427
-0.48473424
-0.39075297
0.49750456
0.2480053
0.0073115746
-0.2501434
0.32308686
0.0611559
0.4961768
-0.013136198
-0.8549998
0.51058036
0.33916125
0.3961203
0.41516796
0.07345377
0.14361785
0.3814939
-0.4932279
0.6794256
-0.27597627
0.33293045
-0.16054761
0.6403332
0.24469545
-0.1697358
-0.11939085
-0.08887818
-0.25706953
0.12969601
-0.19676419
-0.73409534
0.70039773
-0.19954659
-0.25680926
-0.24175568
0.06377282
-0.79135734
0.054382816
-0.36939064
0.040943444
0.79496574
0.09624832
-0.24136625
-0.6236161
0.39073688
-0.46504658
0.28010932
-0.60810125
-0.14711729
0.33115852
0.30290723
-0.116852835
-0.44298115
0.043256786
0.5313575
-0.20570244
-0.38384295
-0.66388214
-0.015826907
0.24829343
-0.9260583
0.15230218
0.20829341
0.43205765
-0.042296782
-0.15123539
-0.6057238
-0.3184788
0.63086927
0.19141884
-0.50851613
-0.14773193
0.5779433
0.21678708
-0.61766577
-0.2895792
-0.15968385
-0.22879036
0.2703655
-0.39761353
0.6964511
-0.24517389
0.32338652
0.28979903
-0.9716554
0.18850538
-0.46651322
0.053844854
-0.19664072
0.11460586
0.10085085
-0.35782394
0.19490898
0.0658709
0.40939838
-0.15721889
-0.20805794
0.5904691
0.44385245
-0.022649504
0.52657443
0.5163717
0.0138869835
-0.24172181
-0.36176974
-0.5877168
0.5615118
-0.12719649
0.8517549
0.2581338
-0.2615954
0.10681004
-0.41547343
1.3196882
-0.3152852
-0.45037335
0.013967692
0.07019126
0.5093295
0.04454026
-0.10448649
0.3547141
0.059443906
0.91124475
-0.08057821
0.27642906
0.15940954
-0.2183695
-0.29457292
0.07380243
0.62765014
0.4710249
-0.9753425
0.41944987
0.22488217
0.44093564
-0.37545556
0.2820364
0.66844916
-0.010493401
0.25379553
-0.7094743
0.6193871
0.2586761
-0.9992763
0.3315579
-0.5491528
-0.9916242
-0.06493675
0.48690543
-0.37188548
-0.26694384
-0.29548854
0.49624103
-0.39803982
0.61706465
-0.07194323
-0.21468027
-0.1475502
0.25137377
0.23968855
-0.21282464
-0.36121103
-0.5982512
-0.32512343
-0.13536945
0.26221004
-0.21864365
0.2680301
0.69098127
0.3417551
0.15088959
-0.38550374
0.036749534
-0.6730835
0.09707855
-0.12417772
-0.32581475
0.5154623
0.006597928
-0.5416998
0.6972728
0.006694609
-0.6043642
0.25321427
-0.5495832
-0.3914277
-0.22495279
0.03386312
0.3162722
-0.08935266
0.4576521
-0.41478002
0.09015223
0.29001212
-0.48928976
-0.34716964
0.53959614
-0.46612993
-0.3640823
0.6283383
-0.8445828
-0.1620686
-0.05426628
-0.15769628
0.53190976
-0.7996741
0.63989264
-0.57814395
-0.13245404
0.8276854
0.11112467
0.039593052
0.6233953
0.19268379
-0.03034746
0.7168934
-0.5452641
0.45384473
-0.8413379
0.20056245
-0.31256336
0.23688722
-0.20267509
0.14869237
-0.11802934
-0.029025232
0.38179064
0.33679533
0.070896566
0.5215682
-0.3858901
0.052072655
-0.39925125
-0.5741482
-0.051133875
0.09811308
-0.013483788
0.061292596
0.37928054
-0.6441113
-0.10096536
-0.29725942
0.039254423
0.14979586
-0.16556619
-0.25768727
-0.16237794
-0.014885039
0.28454256
-0.2815823
0.37777933
-0.32712564
-0.14579014
-0.06997692
-0.007247664
-0.14733507
0.38431337
0.3022188
0.042343736
0.13253674
-0.27905956
0.21237694
0.35597467
0.20183305
0.24425547
-0.2633668
0.3254182
-0.3535021
0.3137419
-0.20195678
0.13729215
0.32014623
-0.3267163
0.5599365
-0.25949275
-0.10141172
-0.6602185
-0.71780246
0.21940067
0.37016934
-0.039153006
0.10293245
0.4287286
0.5012004
-0.25670874
0.46225196
0.1975611
0.023607409
-0.15020193
0.2066812
0.094383776
-0.2450528
-0.081632175
-0.6910952
0.22887382
-0.20239338
0.9336113
-0.16305767
0.31638497
-0.030490773
0.06389316
-0.1310401
-0.14234573
0.573174
-0.5390705
0.529751
0.34440768
0.74794483
-0.035484232
-0.34194976
0.43234476
-0.38016757
0.3447595
-0.17284898
0.3820031
-0.12170796
-0.5199094
0.8441478
-0.3761665
0.58027685
-1.036052
0.077051096
-0.022397827
0.21900421
0.3659348
-0.57497436
0.10503957
-0.33841154
-0.010741292
0.41303864
0.11636801
0.053318437
-0.2930824
0.4497328
0.33978805
0.35881835
-0.65918744
-0.59368896
0.17677447
0.34312794
-0.55745214
0.7140579
-0.053112242
-0.28041604
-0.6439952
0.51942265
-0.93028927
-0.34236938
0.31579253
-0.5510126
0.38039526
-0.5419022
0.111365005
0.15218192
-0.5102286
0.11452041
-0.21791443
0.09380162
-0.046602037
0.1702999
0.003788111
-0.399096
0.3336189
-0.39030516
0.37641305
-0.90876806
0.60460037
-0.17134082
-0.43196505
0.20676044
-0.8427677
-0.4988361
0.32456765
-0.5800321
0.28386724
0.009710999
-0.6034119
0.32151985
-0.3180494
0.6971863
-0.22653799
-0.04905309
0.21096875
0.085917346
-0.37380508
0.06553338
0.12407165
-0.7192158
-0.53363895
0.42019626
-0.15876503
0.1254024
0.30186456
-0.47122058
0.13042128
-0.49655783
0.421862
-0.14090897
-1.0287455
0.39359584
0.2885762
-0.46368274
0.10158613
0.3504269
-0.17171746
0.050169617
-0.38074186
0.4622389
-0.15788384
0.060030457
0.31963852
0.74738777
-0.2656405
-0.22669546
-0.071563385
0.19112575
0.8316654
-0.31333646
-0.22977562
0.4201537
-0.072394274
-0.30505434
0.6339558
-0.2729072
0.06929944
0.03250121
-0.35406953
-0.14464118
0.62518406
0.20237575
-0.5286279
0.26489004
0.079519
0.40531772
0.21373405
0.38532892
-0.32777637
0.83660924
-0.55154115
0.27155012
-0.059819568
0.25307176
0.06243219
-0.61197424
-0.25590786
0.3953498
-0.19577053
0.100980274
0.26636025
-0.18855853
-0.17603438
0.25761035
0.19743073
0.7128905
-0.075520895
0.24542762
-0.2173761
-0.07413024
0.41038793
0.29529062
-0.17688893
-0.047768775
0.07763774
0.07759254
-0.51725197
0.49210435
0.22279194
-0.24472538
0.15092592
-0.39840198
0.24312286
-0.77595127
-0.31381428
0.5780777
-0.054783594
-0.5401281
-0.36608934
0.2985796
0.34990814
-0.1449597
-0.45258653
0.1148568
-0.12324071
-0.04549729
0.1164674
0.16129029
-0.5977685
0.75654894
-0.72622705
0.29402095
0.07689712
0.2935131
-0.0820187
-0.74486816
0.85199153
-0.9561042
0.9869669
0.062290087
-0.097097225
-0.50112915
0.7292996
0.2437208
-0.24194887
-0.028409982
-0.3603971
0.19294615
-0.09211694
0.28784156
-0.090464495
-0.023535084
0.17685282
0.12493243
-0.4073948
0.27172676
0.68087894
-0.7531638
0.27877793
-0.50188124
-0.27488726
0.020115217
-0.0017656274
-0.14427999
0.0010370963
-0.12372859
0.547778
-0.6736582
-0.20249926
-0.52653456
0.59028774
-0.58179075
-0.10926386
0.18829864
-0.34970838
0.6755839
-0.25453725
0.6741658
0.72295725
-0.6354424
0.48483476
0.56437665
0.4662417
-0.76466715
-0.20582005
-0.6529306
0.89986545
-0.0035047152
-0.16728349
-0.19920155
-0.08705627
0.30548003
0.99229264
-0.8202438
0.27168456
-0.32641646
0.52784544
0.31402728
-0.165829
-0.68744755
-0.030834949
-0.49383318
-0.29009384
-0.073192365
0.40415552
0.30660856
-0.043675113
-0.19019447
-0.1628078
-0.30287057
-0.1535701
-0.86587036
0.56493205
0.8111584
-0.7481311
0.06653683
-0.6892028
0.8584876
0.19690943
-0.13477725
-0.5704688
0.22887106
-0.23365383
0.34012896
0.31358355
-0.17041436
-0.33864164
-0.18357295
0.5872666
-0.050550047
0.19717582
0.571094
0.36053783
0.4723618
0.5143746
-0.25762257
0.30238637
0.33137444
0.013294003
0.33226654
-0.5812185
-0.045498587
-0.13889135
-0.30163324
0.3215703
-0.822517
-0.15590511
0.47680417
0.31511354
0.35332087
-0.0527633
-0.22672173
-0.6148165
0.6169445
-0.39891723
-0.2639448
-0.47421163
0.25802004
-0.06436638
-0.50253135
0.13833325
-0.66962284
-0.2326703
0.27174628
0.2464178
0.109639764
0.83856845
0.4897971
-0.9098255
-0.3831099
0.41296253
0.0648993
0.6054982
0.4227009
-0.5290898
0.708037
-0.76579535
0.16739483
-0.0125788795
0.0690018
-0.0510618
-0.13532762
-0.47881243
0.37755036
0.31339705
-0.79734963
-0.13527171
0.7078342
-0.35456434
-0.23192753
0.62914395
-0.48281738
-0.22137359
0.47496662
-0.84248483
-0.16165586
0.22245966
-0.6821921
-0.19285914
-0.09238719
0.30920854
-0.34381422
-0.4235487
-0.15614633
0.068569
-0.29602805
0.8937844
0.07618813
-0.0648697
0.61933166
0.3250136
0.07781785
-0.5308547
-0.26547006
-0.25772762
0.13388978
0.7994741
-0.45115748
1.0862466
-0.40120968
0.3832357
-0.04930366
-0.16273932
0.43620095
0.30570054
-0.11955913
0.44218862
-0.024428617
0.7235189
-0.51903826
-0.12591876
-0.7324307
0.25197116
-0.008751053
-0.41280174
0.0348187
-0.489141
0.33926758
0.83217853
-0.21472947
-0.38538522
0.009122066
0.22166316
0.19179691
-0.44746757
0.30364326
-0.74470913
0.68395
0.29621965
0.2940464
-0.11119524
-0.37232634
-0.26517478
0.4888542
-0.14620203
0.37262392
0.7272464
-0.48312622
0.33747917
0.7364459
-0.008947943
-0.33818325
0.01249813
0.36018482
-0.33762658
-0.031068193
-0.23554301
0.59120387
-0.2836202
0.20053108
-0.29821408
-0.7659372
-0.062305585
-0.067858286
-0.35157576
-0.15385357
0.06175022
0.5458944
0.029831337
-0.12800953
0.23472334
-0.42107627
0.195364
-0.4875061
0.32195562
0.16574644
0.06645917
-0.25379986
-0.047657017
-0.26685786
0.31573483
-0.09163517
-0.50577444
0.25049672
0.29661122
0.3220782
-0.52503264
0.42797583
-0.35755435
0.35824192
0.057458866
-0.32113677
-0.2592688
0.1905997
0.24350323
0.23783682
-0.53163624
0.008638748
0.4589382
0.15619557
0.1427748
0.035258338
-0.684232
0.52269316
-0.102736086
0.21999806
0.2675007
-0.30708823
8.2371075E-4
-0.022408828
-0.61212975
0.21063836
-0.7282464
-0.73498976
0.4230666
-0.061970297
0.35649157
-0.12882778
-0.44219238
-1.1323388
