0.21766454
0.25864434
0.28073087
-0.41763604
0.03957242
-0.22648071
-0.6419125
-0.52134365
0.45067108
-0.48780382
0.07009439
0.55447173
-0.46416944
0.6432444
-0.4690774
0.33576894
0.01426194
0.12859629
0.19959307
-0.03246338
0.26186016
0.32993883
-0.06773582
-0.4474841
-0.5063204
0.628287
0.090637945
0.16216718
-0.6318127
-0.101911604
0.36213678
0.76052105
-0.14831632
0.51335764
-0.74564517
-0.1645679
-0.54907095
0.2592905
-0.7429117
0.6192904
-0.3759079
0.63980603
0.18291256
-0.34288907
0.27451596
-0.3223712
-0.45724466
0.04307778
-0.050074168
0.2948051
0.099605285
-0.35767293
-0.057117756
0.7014914
0.5866587
-0.47595367
0.76045644
-0.39477205
-0.3937756
-0.13974842
0.36834177
0.66885847
-0.58840746
0.9727832
-0.0031419753
-0.14159761
-0.474538
-0.6386703
0.38369662
0.8693058
-0.005045893
0.20484835
0.38972464
0.49996606
-0.34538874
-0.14745711
0.36222634
-0.66446215
-0.38859484
-0.78860056
-0.062110644
-0.10372191
-0.42843089
-0.012177317
0.33002725
-0.20733202
0.9001
-0.57692856
0.014037086
1.0071845
0.4737522
0.4384984
0.28941092
-0.9023016
0.93909043
-0.0642494
-0.6820027
-0.32599998
0.5554073
0.1658116
0.22140977
0.3835026
-0.5908077
1.0527754
1.1172565
-0.54686695
-0.06828663
-0.28226346
0.5438842
0.46253502
-0.17211403
-0.7171032
0.06979577
-0.3510035
0.49164835
-0.4084992
0.67523146
0.3226178
-0.50543505
0.35954928
-0.85960644
0.15060742
-0.77638537
0.5622098
-1.1326884
-0.24016792
-0.30529547
0.34683788
0.29743704
0.3983647
0.62933487
-0.705872
0.7697551
-0.8000028
-0.17212589
0.32703164
-0.34350097
0.15741655
-0.80854845
0.3393725
0.6176188
0.7922978
-0.27860174
0.97183484
-0.46859545
0.34627202
0.4968902
-0.1986767
-0.21228267
0.3635727
0.0368391
-0.5381801
0.65234804
-0.96204233
-0.48377347
-0.12129569
-0.7956309
-0.22356245
-0.41086653
-0.22760221
0.425739
-0.8800968
0.21089543
0.26301923
0.21654755
-1.0087035
-0.5515096
-0.5283884
0.6109992
-0.43363342
-0.1902024
-0.19504224
-0.45882475
0.3217891
0.6529892
-0.32668343
-0.4002864
-0.52456194
1.0589947
-0.69435513
0.34870407
-0.7305327
-0.36621422
0.022088313
0.8687773
0.6235213
0.46794564
0.46250242
0.30090508
-0.21756515
0.0818368
-0.2842234
0.6128034
0.21604681
-0.29453385
0.32569638
0.24620882
-0.07811498
0.7560382
-0.8934517
0.014397834
0.14532806
0.80340195
-0.5436584
-0.59756184
-0.26906365
-0.14782596
-0.19661042
0.10191943
0.04347689
-0.34444183
-0.04787906
-0.5567403
0.046934474
-0.89820176
-0.0077301636
0.33154806
0.2890599
0.3079622
0.18264323
0.93015456
0.6197902
-0.31868196
-0.69185925
0.52598506
0.19859461
-0.11992272
0.29021397
-0.79262465
-0.15881678
-0.45712808
0.75916106
0.8687108
0.55890703
-0.16783905
-0.6328127
1.1695436
-0.073228545
0.91862
0.39533377
0.022386406
0.026348654
0.017523758
0.095138095
0.10872528
-0.5569556
-0.87830985
-0.09932984
-0.09370681
-1.0295401
-0.86765426
-0.3278082
-0.6016184
-0.08228817
0.7397677
-0.36488053
0.38054314
0.19102451
0.13649938
0.13789561
0.74155974
0.0025213216
-0.77562124
0.7065258
0.63638943
-0.5247815
-0.44988063
0.29629558
0.2537073
0.62849486
-0.43202567
0.7561601
-0.34072945
0.5522632
0.36459005
0.060783137
0.014265015
0.73802394
-0.3986306
-0.61010313
0.29434484
0.16633128
-0.9210552
-0.12174129
-0.014308385
-0.62913865
0.67900145
0.3196687
-0.6926608
0.115612224
-0.5263114
-0.33157337
0.8789206
0.20824769
0.20036697
-0.17422667
-0.43835902
-0.37369016
-0.5572686
0.032391574
0.3334139
-0.23887925
-0.68926513
-0.8807841
-0.18977977
-0.027048863
0.30525392
0.21479845
0.18815827
0.17867729
0.3397841
0.50695884
-0.8049934
0.5967852
1.0862705
-0.14423138
1.0114219
0.24433069
0.51958144
0.145539
-0.7540991
-0.8037301
0.6080502
-0.5050355
-0.11255701
-0.08358778
0.85427123
0.30120426
-0.9840794
-0.1787732
0.5019004
0.5213467
-0.5411776
-0.5667946
-0.1668061
-0.15895218
-0.13264711
-0.18926227
-0.03112632
0.15591305
0.8286579
-0.068838246
0.16096433
0.20535812
-0.37923852
-0.66544336
1.0104573
0.3130024
-0.44176075
0.74928594
-0.17439234
0.018475655
0.3774039
0.32969517
0.20030904
0.35226896
0.12318028
-0.3865446
-0.632189
0.3726323
0.5073536
0.36076844
-0.8034079
-0.08725405
-0.12480636
0.5126448
0.38837776
0.39292958
0.26737666
0.14359905
0.34234226
-0.01639095
-0.38690177
0.5882238
-0.35981783
-0.021714624
0.4838112
0.2908164
0.59167665
0.39414886
-0.70132536
0.09517098
-0.71629286
-0.24749501
0.37976265
-0.2810988
-0.3536589
-0.055023003
0.21153602
-0.59012544
-0.24353711
0.3256056
0.20755798
0.66450834
-0.60258085
-0.29939324
-0.56864476
0.42060608
-0.3165972
0.15960954
0.3300599
-0.2755767
-0.29469258
0.2594421
-0.86376977
-0.6664297
0.38605404
0.21930562
0.34689024
-0.015994407
-0.28353596
-0.09096571
1.0387098
0.7941057
0.08617412
0.2501524
-0.4605364
0.4859166
0.62503386
0.06769009
0.76769555
-0.33597255
-0.46689084
-0.698802
0.17853141
-0.49056062
-0.08000171
-0.35480845
-0.21324761
-0.36436537
0.2582385
-0.44642842
-0.24244183
0.13560554
-0.030344013
-0.38338462
-0.538833
-0.49049878
-0.6269764
0.32024676
-0.15625164
-0.42269224
0.15559992
-0.5191141
-0.3564407
-0.015125423
0.39405248
-0.46985957
0.30246386
-0.9691732
-0.20445111
0.71308804
-0.3906793
0.44879192
-0.5218222
-0.19998203
0.46486482
0.2872783
-0.4069075
0.26846758
0.0853926
0.33732003
0.7061704
-0.68755734
-0.8987012
0.3831663
-1.0461992
-0.18239936
0.4851434
-0.28776774
-0.51287067
-0.3220783
0.22628284
-0.30763376
0.13503762
0.20428224
-0.65175176
0.77894783
-0.59150666
-0.8651119
0.49970034
-0.13416973
-0.5824793
-0.37014353
0.29972553
-0.13095906
0.5885822
-0.43275964
0.3371751
0.33953303
-0.17053878
0.37824717
0.23165762
0.14687076
0.25377268
0.20678173
-0.71559304
0.72415376
-0.5504055
-0.4224556
0.8935637
0.5904121
0.054943834
0.06494772
0.1868412
-0.10147301
-0.38732284
-0.09033317
0.2173118
-0.48035938
0.0860959
0.3473926
-0.7477367
0.1378397
-0.29557312
0.4402679
-0.6036106
0.400513
0.5852927
0.96584344
0.6341019
0.4388445
-0.9182762
-0.9230416
0.30713347
0.69981307
-0.13940409
0.66914093
-0.62058353
0.43962383
0.26414475
0.5768731
-0.5774748
-0.18226077
0.49792606
-0.006674498
-0.76922417
-0.44972098
-0.41888088
0.6439568
-0.4071825
0.5573329
0.6334318
-0.46809828
0.53520435
0.3767589
-0.5884842
0.4960252
-0.040431652
-0.18923908
0.6361674
-0.29970622
-0.57002765
0.09360191
0.49634087
-0.43805024
-0.3422493
0.16694228
-0.3724027
0.2537896
0.11134384
0.6066965
-0.651031
0.5213138
-0.31386513
0.59568167
0.28817433
-0.37410185
0.8042275
-0.5625852
0.7497649
0.15089555
-0.23173112
0.53457636
-1.0756624
-0.5131623
0.35372484
-0.20691454
-0.06143729
-0.19010815
0.3626334
-0.013810263
-0.5637323
-0.38873973
-0.37616417
-0.34683797
-0.14135249
0.55200803
0.7276525
-0.8771123
-0.21431997
0.22127542
0.039529223
0.8207855
-0.46922165
0.3671117
-0.37214142
-0.2398404
0.68012923
0.18835661
0.25549847
-0.32968926
-0.12280007
-0.7810209
0.07950852
0.3888155
-0.27338138
0.11299537
0.81981367
0.3209532
-0.32998055
-0.77348703
0.7737148
-0.68456894
0.56093884
0.32043114
-0.27704144
-0.56122524
-0.52904856
0.14928399
0.33434469
-0.39454776
-0.04006621
-0.31168163
0.99328
0.6174289
-0.22939652
0.24736014
0.2507747
-0.5407023
0.19462061
-0.21233852
-0.36334446
0.56460494
-0.5113305
-0.14487869
-0.026245108
0.15714641
0.16326396
0.85688466
0.7059334
0.17705251
-0.54255134
-0.25762466
0.009507393
0.11982596
0.2748811
-0.7182246
0.45389858
0.23872523
0.5168875
-0.50496817
-0.25485963
0.17836283
-0.18169403
0.75229305
-0.5094653
0.11734126
-0.62334883
0.2257198
0.48473868
-0.04104442
-0.36994988
-0.6214959
0.95972997
-0.18310185
0.2866316
-0.01869053
0.09672846
0.028420012
-0.5166473
0.20502688
0.62805134
-0.47438943
-9.403866E-4
0.2634498
-0.7439896
1.0092065
-0.035978697
0.008894359
-0.11976644
0.008291574
0.042661827
-0.38309982
-0.281676
-0.21006022
-0.083197154
0.36354932
-0.2721296
0.56116414
-0.9626536
0.2987071
0.20968747
-0.1832402
0.010807354
0.1343524
-0.41375208
0.5677849
-0.009803412
0.43344906
0.34449553
0.08940847
0.37777877
0.5208042
0.1896087
0.15086487
0.57902116
-0.47952163
1.0725347
-0.11527768
0.0067987675
0.26958114
-0.67120117
0.5765192
-0.16811463
-0.1678346
-0.24392068
-0.27980363
-0.65990496
0.8925146
-0.3388264
-0.4824231
0.5288789
-0.32516673
0.22799948
0.40704584
-0.5858676
-0.19925316
0.33482873
0.5462826
0.012977136
-0.084715165
0.646998
0.048984796
0.8403656
-0.4302774
-0.061712585
0.5473532
0.4541406
0.03826371
-0.51778066
0.04066866
-0.47271794
0.5945447
-0.07595866
-0.43369725
0.5090135
-0.7090712
0.94064325
-0.17630258
0.59518653
-0.38235855
-0.6430867
-0.37902388
-0.1472985
0.5153685
-0.98695654
0.9805531
-0.31048524
-0.029881792
-0.5592187
0.71387017
-0.52781737
0.17405732
-0.18890236
0.43727005
0.2643888
-0.08395266
-0.412458
0.7771817
-0.010197511
0.3751671
-0.026048368
-0.04372854
-0.96521926
-0.0599058
-6.6393183E-4
0.5213937
-0.6370278
-0.15510687
0.6956196
-0.23660061
0.647122
-0.31557658
-0.22614852
0.59592205
0.4030612
-0.3418617
0.28372762
0.12429549
0.3611609
-0.38905847
0.0933337
0.49703053
-0.9965165
0.10779049
-0.28073105
-0.12616388
-0.2910138
0.07286827
0.97843623
-0.36694467
0.19670555
-0.016879112
0.3359454
-0.124838434
0.02781827
-0.61373854
0.3646251
0.12750982
0.24699992
0.12353116
-0.43245828
-0.46158043
-0.43946615
-0.14711021
0.90399814
-0.5902597
-0.22443189
-0.4350801
0.7140685
-0.11580103
0.46742246
-0.21391545
0.026758397
-0.45349035
-0.28244272
0.47047213
-0.3823652
0.9477286
-0.38010207
-0.80321896
-0.6465202
-0.15885773
0.23446676
-1.185367
0.20120016
0.13532428
0.56257224
-0.0643496
0.3775079
-0.082779326
0.26259336
-0.10112705
-0.14425328
0.8451714
-0.40506056
0.100583866
-0.5404538
-0.34281793
-0.6034599
0.30849
-0.6134167
0.4891088
-0.96300316
-0.6918832
0.46629226
-1.116556
-0.008031505
0.42186213
0.61577183
-0.22353962
-0.06261059
-0.11396162
0.20611927
-0.03207374
0.18932192
-0.21244185
-0.20890492
-0.14105844
0.06284468
-0.19558805
0.12526402
0.07503237
-0.54758096
-0.1420199
-0.29324302
0.77106553
0.07308004
0.2931232
-0.05027404
0.16647692
-0.016826063
0.4598329
-0.70190793
-0.100393176
0.5975063
-0.2786708
0.929492
0.054821406
-0.8936025
-0.2574653
-0.31828302
-0.40618268
0.103424124
-0.024487525
-0.18411447
0.8874765
0.17576452
0.4871787
-0.346438
-0.4228402
-0.2895946
-0.59439385
0.5799566
-0.3922781
0.8660855
0.14071119
-0.5370359
0.40921786
-0.22200684
-0.38600123
-0.3088638
0.95358783
-0.7012748
-0.11386403
0.17599347
-0.5260942
0.45272335
0.13959165
0.3294694
0.48674506
-0.1979148
0.4198311
-0.8292346
0.7899616
-0.5810739
0.60985875
0.5709954
0.18282335
0.05183512
0.5029284
-0.105435714
0.3535069
-0.5476949
0.15533195
0.61997694
-0.8880228
0.24867417
0.49601635
0.49077174
-0.72625405
0.3896641
-1.0302911
0.4365249
-0.3111225
0.19654237
-0.157712
0.79925776
-0.24798566
-0.42188132
0.08518373
-0.62588316
-0.085328914
0.5971766
-0.15605807
0.30177543
0.82954
-0.708538
0.43031538
-0.60407346
0.66901195
-0.08593985
-0.23132983
0.6896261
-0.7170766
0.9305318
0.25934118
-0.35475796
0.31339696
-0.66267985
-0.109328166
0.6391488
-0.7521083
0.093853846
-0.32814255
0.7709996
-0.94755137
0.6781325
-0.14079893
0.39066532
0.307016
-0.090682045
0.086575605
-0.44536173
0.08650294
-0.16574971
-0.22892821
0.276434
-0.7257578
-0.3334406
0.29970852
-0.20411953
0.09585574
-0.36876556
0.5624297
-0.4206097
-0.50370544
0.18545884
0.33385643
-0.27005208
0.78124356
-0.3602217
-0.013212463
0.2551182
-5.2617607E-4
-0.30837312
0.30913553
-0.1537943
-0.30198026
0.22485287
-0.8455254
0.19814043
0.3407568
-0.5903738
0.73652726
-0.6260785
-0.5311743
0.37413692
-0.5829972
-0.3378445
0.2272866
-0.91044176
0.060939554
-0.29553205
-0.83867663
-0.28312305
0.024086347
-0.8754052
0.2545229
-0.4567209
0.19323325
0.08683514
-0.3860984
0.416352
0.1273028
0.47263294
1.1847987
-0.5123197
-0.66641754
0.342831
0.49589133
-0.37149617
0.24590719
0.04487848
-0.2730216
0.029620826
0.29782945
0.03514021
-0.21364243
1.069704
0.11409528
-0.2735234
-0.1646051
0.42937538
-0.61968744
0.4288752
-0.057647683
0.8583158
-0.6915177
-0.33634782
0.50701183
-0.22879775
0.03387614
0.13237302
-0.53475296
0.2787327
0.02352179
-0.4471354
-0.6367365
0.05079317
0.5421385
0.4878409
0.1156995
0.85792357
-0.32472345
-0.100676015
-0.3607878
0.3593224
0.40303043
0.8842515
0.5013745
-0.0110241175
0.0013103219
-0.5234659
-0.5141799
0.2797624
0.12370335
-0.53462756
0.0400442
0.3519644
0.049870756
0.19361098
-0.0885565
-0.13986954
0.49152958
0.29566622
0.015155083
-0.9883322
0.2512056
0.40780422
-0.47727224
0.46573928
0.6295565
-0.25836048
-0.69003874
0.6680605
-0.53372025
0.6489083
-0.084609926
-0.34622422
0.23225135
0.63237256
0.1587403
-0.23830503
-0.5224537
0.03528066
0.19987772
0.6250886
0.6674299
0.42396322
0.54816556
-0.16791584
-0.082017615
0.215148
0.96343595
-0.399217
0.5162067
0.6254224
0.10541075
0.36131555
0.4639612
0.5431379
0.19216454
-0.20148109
-0.63979864
-0.42380238
-0.3776901
0.047200687
0.77948093
0.3604164
-0.6690883
-0.2903021
0.3192286
-0.6290172
-0.2025053
-0.2700585
0.2576688
1.039425
0.6566208
0.9307079
-0.27658284
0.2032795
0.454716
-0.15279934
-0.4249062
-0.14788996
-0.16213441
0.08734289
-0.15876855
-0.5196486
0.43228817
0.14576992
-0.2219225
-0.105180755
-0.025958702
0.88636494
-0.7133436
-0.36742488
-0.5804854
0.4510387
0.5427049
0.14473028
-0.065593295
1.1011157
0.0060156006
-0.21813099
-0.2215292
0.3470098
0.56924784
-0.18477431
0.25295973
-0.48170906
-0.57155955
0.0699058
0.3499306
-0.40548086
-0.3248261
0.60704356
0.20313378
0.3203863
0.43503335
-0.43605003
-0.49831772
-0.43813586
-0.627892
0.6249579
0.8027933
0.2947269
-0.12902945
0.24786529
-0.2269252
-0.6054884
-0.9026001
0.14397618
0.79010606
-0.39213166
0.10035798
-0.7118249
0.038738254
0.5588797
0.30051425
-0.97930306
-0.3158254
-0.31337008
-0.3829618
0.30637544
0.88121396
-0.7916895
0.52312064
0.5316045
-0.7039802
-0.12806855
-0.12069007
0.53374726
-0.14291918
-0.2530801
-0.14367656
-0.07194102
-0.06230978
-0.09626417
0.49910307
-0.5198416
0.93355525
0.32232714
0.45372483
-0.17303087
0.45691565
-0.49904117
0.19354948
0.5064622
0.8720409
-0.45365128
0.30098706
-0.7350131
-0.3169777
0.70941776
0.07570085
0.40110248
0.13727026
0.04864954
0.40781897
0.029592246
-0.023327814
0.57548505
0.32157877
-0.18012667
0.90163773
0.14994729
1.0294732
-0.8176634
0.6531262
-0.6489395
0.3579258
0.6268088
-0.119577385
0.21841258
0.726388
-0.18339755
-0.048406538
0.07764625
0.17757279
0.4747117
0.3100205
-0.42174214
0.17619501
0.33600986
0.54224837
0.39280882
0.1592006
0.4779443
-0.41007498
-0.7041995
-0.58313286
0.3490722
-0.52794176
-0.2723807
-0.27936032
0.11824318
0.008931849
0.27569684
0.38825682
0.5688449
0.23927929
-0.7354664
0.5076695
-0.5179367
0.4157538
-0.8356211
0.24494022
-0.012388841
-0.73371416
0.29862893
0.32515204
-0.42500013
0.06502836
0.041685544
-0.47940978
-0.28989926
0.5679672
-0.31205568
-0.49619782
-0.4440645
0.3477203
-0.7043804
0.42633075
0.39154142
-0.55804247
0.04159859
-0.1371134
-1.137995
-0.34964687
0.26059625
-0.1310829
0.43354285
-0.6428292
0.4158269
0.38902578
-0.9916303
-0.05091643
-1.2887179
0.48177782
-0.12364254
-0.25442293
0.47215486
-0.63570935
0.29026613
-0.03287117
-0.4692234
-0.465637
-0.3580534
-0.0852992
-0.86613476
0.47212717
-0.891542
-0.030147636
0.6685807
-0.33417812
0.42358044
0.7453424
-0.31628123
1.2053881
-0.2704578
0.059959494
0.23678459
-0.5979496
-0.5784691
-0.34827864
-0.6744784
0.41787001
-0.39619943
-0.36990693
-0.24175517
-0.12047373
-0.11857831
0.41668424
0.516665
0.09029183
-0.1194391
-0.4063462
0.5118187
0.30900407
0.47057378
-0.6691911
0.18042074
0.5476049
0.11116907
0.4122006
0.07415818
0.024766926
0.80007577
0.07241556
0.44880265
0.75574094
0.14716555
0.29695454
-0.7820437
0.2008315
-0.5177459
0.59935075
0.27163976
-0.41746962
0.20649303
0.003280474
-0.120799996
-0.40425542
0.047717515
-0.43165734
0.42432866
0.23097795
0.3100853
0.18868653
-0.43799365
0.6467895
-0.4448806
0.12310619
-0.3968447
-0.49704465
0.77178156
-0.12721238
0.8637876
-0.27881807
-0.41919523
0.6789234
-0.40038973
-0.23950401
-0.10871988
-0.5346623
-0.50029165
0.9068931
0.24741344
-0.68045676
0.20351963
-0.28685746
-0.468933
0.25131878
0.057863638
0.093597494
-0.32569227
-1.0237563
-0.31368828
-0.09628358
-0.14794393
1.0834771
-0.25285044
0.015933648
-0.6372846
0.16720721
0.17449614
-0.1930361
-0.38690183
0.16476743
-0.20329851
-0.013495933
-0.45155594
-0.5665537
-0.33022684
-0.006883852
-0.9679231
0.045335047
0.34841648
0.5341685
0.02751431
-0.26483876
-0.42010358
-0.5739398
-0.8854087
0.01761927
0.63654745
0.99314904
0.42613596
0.112294696
0.3096462
-0.55933857
-0.29997137
0.3234483
-0.1584946
-0.81362176
-0.50883746
-0.53922176
0.5494709
1.1592183
0.2831704
-1.299133
-0.19492479
0.60598147
0.13222834
-0.921624
-0.0022508868
0.32981038
-0.64598954
0.22826098
0.36729872
-0.07612961
-0.56642866
0.4041947
0.021896506
0.36925653
0.46423796
-0.80417955
0.12154628
-0.06359582
0.45098603
0.5077888
0.33693367
-0.1786367
-0.9582656
0.28531557
-0.7045473
0.58985263
-0.18904933
0.42013517
-0.45196483
-0.11356149
-0.56266934
-0.27088624
-0.06011931
-0.06818187
-0.13346073
1.2640307
0.44209167
-0.14212695
-0.010895563
-0.25329515
-0.097451635
0.11957524
0.5246028
-0.38214916
0.31175882
0.72071564
-0.26747343
-0.33265078
-0.38504362
-0.57740515
-0.28616714
-0.6748696
0.08853754
-0.35926202
-0.57688093
0.14252873
0.7643451
0.19330597
0.32803404
0.38856247
0.04022816
0.49957135
0.20035216
0.4299933
0.63765895
-0.8389193
0.2771559
0.540584
0.406727
-0.49738652
0.30626968
0.7776874
0.03958966
0.20953257
0.18400908
-0.13895214
-0.59325
0.16905496
-0.010379601
0.22585201
-0.8533729
0.92416775
-0.42123854
-0.056610107
0.45765945
-0.27565455
0.59899795
0.8973544
0.14079902
0.37160152
-0.6011425
-0.061430212
-0.017224792
0.71671295
-0.6253909
-0.31885216
0.45717314
0.8305267
0.25273383
-0.2059372
1.0377012
-0.14773369
-0.36095512
-0.079962395
-0.5000376
-0.2681628
-0.7510543
-0.67406785
0.17784001
-0.23801316
-0.042608704
-0.020472327
0.34003216
-0.17096986
0.016904391
0.05179961
0.66614264
0.033895873
-0.18388407
0.4224373
-0.077528745
0.3968211
-0.3564932
-0.67344576
-0.6338765
-0.16380551
0.77108616
-0.3367082
0.64836276
-0.35462564
0.30771074
-0.61367947
-0.18023537
-0.49315512
0.5394502
-0.2633301
-0.09655275
0.42339644
-0.7500422
0.32564437
-0.56769425
-0.2634301
-0.5481072
-0.0041988194
0.3171369
-0.7519975
0.35494277
-0.2866615
0.02472348
-0.7563916
-0.30472097
-0.285964
-0.14003298
0.08981331
-0.22101948
0.3076068
-0.7269909
0.90630275
-0.23010163
0.708184
-0.27340505
-0.5596
-0.5511702
0.0937546
-0.81538796
0.67713606
0.037965458
-0.48080632
-0.17152672
1.0121738
0.29712918
0.5404274
-0.31630963
-0.41817734
0.26193666
0.29388323
-0.40936583
0.53759617
0.20650496
-0.83830464
0.3586874
0.2650098
-0.46366343
-0.563495
-0.60703766
0.40918574
0.64793444
0.040246505
0.45648682
-0.33521834
-0.06453321
-0.59827656
-0.42650473
0.010559356
-0.30831984
-0.8543787
0.43023917
0.37214008
-0.24670038
0.16846763
-0.97422695
-0.15708806
-0.38613755
-0.19150239
-0.42423555
0.32626572
0.2643997
0.2125382
-0.5200731
-0.5808058
0.39648527
-0.73084915
0.26446962
-0.11980278
0.6135548
1.2611804
0.026768968
0.39004084
0.28331885
-0.2579275
-0.13000447
-0.4884023
0.3363291
0.40854344
0.8844246
0.4302147
0.01475884
0.26009288
0.61866343
-0.7260312
0.4379457
-0.14230612
0.27827135
-0.34145397
0.0018960399
-0.46959656
0.5215211
0.08336516
0.031449992
-0.01698708
0.21296673
-0.34989935
0.4441663
0.14775187
-1.1575298
-0.3437402
0.113639094
-0.07410239
-0.5532065
0.76555425
-0.49625406
0.36159828
0.11853319
0.30584148
0.902479
0.60186625
-0.40612212
0.5246652
0.19589071
-0.57092947
-0.014185459
0.013157189
-0.62364507
0.21302135
0.20062539
0.35224873
-1.0412472
-0.07261321
0.5060243
-0.4668074
-1.0077126
-0.03641493
-0.040408265
0.39096072
0.041577112
-0.60519075
-0.040969443
0.52624124
-0.81792706
-0.65649945
0.33583727
0.47355676
0.30101854
0.77583385
-0.6689087
0.22489208
0.008740568
-0.22035395
0.097653314
-0.25127444
-0.32188296
-0.29340276
0.24110347
0.06698148
-0.03028473
-0.4127961
-0.76914454
0.31776333
0.26090422
-0.28458095
-0.48470816
-0.1397552
0.40498433
-0.9810926
-0.5044949
1.0679495
-1.2403749
0.3928492
0.37996134
-0.23183121
0.7237205
0.31631032
0.33367416
-0.6034339
-0.22815035
0.036670715
-0.6389284
-0.39399007
-0.82239616
-0.5264326
-0.0022591345
0.08265926
0.3864029
0.276705
0.12157836
-0.41662806
0.63852185
-1.0319229
0.19846569
0.7022654
0.31195545
0.3074154
0.08638952
0.021426553
-0.06855274
0.52440345
0.042669963
-0.7818232
-0.10424647
-0.23059322
-1.0037471
-0.61052394
0.11085986
0.39347464
0.65256536
-0.47497627
0.011167752
0.269204
0.17139815
-0.043526594
0.7547773
0.12536016
0.31149176
0.3201022
0.078029044
-0.45044097
-1.1286192
0.58075565
-0.016435796
0.5194839
0.39955935
0.37741536
-0.7073922
-0.09441353
0.27929184
-0.5659231
-0.6770027
0.47799304
-0.3852313
-0.15795942
0.46360585
-0.52794075
0.54916626
-0.24691842
0.19410823
-0.8916667
0.3388509
0.41066518
-0.7109079
1.062131
-0.13370492
-0.22651826
0.43706408
-0.63765705
-0.005540277
0.17953205
-0.07957122
0.07283855
0.4456644
-0.5859898
0.89733636
-0.9656432
-0.06217927
-0.9354242
0.11756164
-0.19531788
-0.51336944
0.061896876
-0.20422599
-0.01558891
-0.86662257
0.5529892
-0.5365875
-0.08512922
-0.012958259
0.3112212
-0.30954972
0.13751759
-0.48189664
-0.11911377
-0.09360362
0.2936998
-0.73884237
-0.11290051
-0.7488887
0.7472583
-0.47322777
-0.37220263
0.3013552
0.8269198
0.516363
-0.044853
-0.21759145
-0.5632065
-0.32176405
-0.91785926
0.7615406
-0.4299872
0.90762794
0.01929572
0.07275001
-0.17464451
0.071732596
-0.4314549
-0.44354457
0.41203332
-0.76969934
-0.48528317
-0.18611796
0.92128885
-1.1565719
0.16242355
0.1256493
-0.45543987
0.6898288
0.117810495
-0.16126816
0.00494192
-0.18959865
0.1446413
1.0299603
-0.43079272
0.42849252
-0.71829736
-0.3196115
0.4246463
-0.13471174
0.33520713
-0.5558053
0.08910885
-0.42270324
0.53055286
-0.5180566
-0.31613076
-0.30797765
0.53917164
-0.13632163
-0.28499493
0.5802968
-0.20395263
0.4211112
0.34166092
-0.81013054
-0.26817277
0.44078836
0.17293599
0.59750086
-0.6685092
0.22162801
0.30791694
0.679982
-0.5763614
-0.25481626
0.04105983
-0.6034638
0.036801472
-0.048000377
0.22314611
-0.41464996
0.24605349
-0.24949403
0.3632547
-0.65225476
-0.034511827
-0.55332834
-0.48581177
0.6675005
0.17220373
-0.47788513
-0.5252962
-0.6617143
-0.23822276
-0.32985273
0.75954676
-0.19761641
-1.17748
-0.95856243
0.7542297
0.6119024
-0.13671707
-0.15216231
0.29254863
-0.0651216
-0.40343574
0.057465304
-0.308599
0.036588244
-0.038523
0.35813305
0.42671853
0.53518265
-0.2393714
0.2954246
-0.41703567
0.04061257
-0.33358455
0.37305987
0.3360718
1.2089418
0.100183815
-0.49116102
-0.012491372
0.12923826
0.53757095
-0.38258535
0.5046723
-0.50320035
-0.43197677
-0.32793394
0.16646568
0.6763965
0.90844697
-0.38415235
-0.35641235
-0.06175936
0.59717757
-0.24299344
-0.6162438
0.24832603
-0.06459541
-0.44281283
-0.23709962
-0.10593527
0.3382689
0.02634776
-0.63937575
0.51599526
0.25973296
-0.22521876
0.09715397
-0.01941374
0.5392828
-0.37193522
-0.08564438
1.0679501
-0.26625368
-0.0014077369
0.5139703
-0.15054397
0.51028305
-0.23868425
-0.38538703
-0.61121553
0.27755898
0.62141764
0.24352586
-0.4163293
-0.20062168
-0.5635918
-0.45674518
0.6589171
0.34034994
-0.014775807
-0.6002455
0.71331936
-0.2841059
0.2650348
0.42437991
-0.09588973
-0.6887485
0.36525363
-0.23990583
0.01943101
-0.4457942
0.13499741
-0.5526325
-0.16571178
-0.5365791
-0.40609276
-0.14316866
0.23673232
0.24145412
0.18458909
-0.8202922
-0.04899172
0.22876476
-0.4749587
0.30041096
0.20993362
-1.0964345
-0.105561316
0.08333795
0.030820392
0.042794224
-0.028541666
-0.98984694
-0.28091124
-0.33961484
-0.2370397
0.93214357
-0.3286977
0.48944283
0.4933949
-0.14958104
-0.39203182
-0.01198732
-0.046370655
1.0736812
0.47818762
0.42502087
0.4812262
0.5337653
-0.28947836
0.24981628
0.5936502
0.46345037
0.6652864
-0.82971275
-0.38187233
0.15233032
-0.62717175
0.37896234
-0.042131037
0.21545522
-0.5981835
0.6403727
-0.3556176
0.7144326
-0.2505433
0.8060606
0.7535978
-0.2570587
1.231419
0.8720897
-0.59568614
-0.24952158
-0.47971284
0.12443337
-0.1021701
0.4024119
-0.86304075
-1.147101
0.3140248
0.18608116
0.28287062
-0.7608328
-0.26111513
0.64310205
-0.39474228
-0.3121101
0.5227778
-0.54812527
0.3534353
0.57381773
-0.1643969
0.31060126
0.17927784
-0.17214105
0.18345366
0.40472084
-0.14956202
0.5581252
-0.3762776
0.4598626
-1.2411301
-0.0028207074
1.1295247
-0.713237
1.0076138
-0.6911078
0.32161167
-0.52794087
-0.9065497
0.027271306
-0.35018522
-0.6527823
0.17793822
-0.34299156
0.07075945
0.38135183
-0.44936693
0.69633037
-0.0671241
0.5614304
0.5970294
-0.5483389
0.15420339
-0.07740465
-0.33694726
0.05154971
-0.048223183
0.21479091
-0.02009897
-0.37518644
-0.5336249
-0.1302268
0.03343942
-0.093915656
0.32160836
0.09321806
-0.13078281
0.3305166
-0.43072295
0.13145803
0.0099791875
0.8528905
-0.30570343
0.38842535
0.31370112
0.3608205
0.31023645
-0.2473521
-0.20910528
0.6944076
0.20791103
0.29093722
-0.16083592
-0.18087792
0.06935347
-0.08013708
0.82636744
-0.9309731
0.6231632
-0.800209
0.16471057
-0.5422812
-0.7096546
0.07884076
0.54980814
-0.71213615
0.15859768
0.09997793
0.4083098
-0.10264444
0.4355903
-0.1466405
0.37034568
-0.24727663
0.39042237
-0.39089167
-0.032145333
0.053506944
-0.3317102
0.12340041
0.7048742
-0.66861326
0.54725474
0.040220823
-0.30847996
0.14496715
1.2509398
0.47442192
0.14196016
0.47268605
-0.74184054
-0.6194298
-0.09886335
0.35346934
0.464051
0.026151251
0.70183873
-0.16108659
-0.38350108
0.65707093
0.013237475
0.12612644
-0.09869507
0.7262556
-0.64599395
-0.20315675
-0.40250835
1.3904405
0.008685771
-0.20447442
0.3927839
-0.5953125
0.35705233
-0.842724
-0.2551499
0.095327854
-0.29792172
0.301132
0.22441155
0.37979966
0.850986
0.20432262
-0.008519828
-0.697402
-0.2073624
0.594083
-0.39972135
1.1910402
-0.34421632
-0.6491182
-0.33655497
-0.1789501
0.08173435
-0.85885113
0.49484774
-0.21314003
0.14569305
0.16263595
-0.93213695
-1.1083626
0.62068063
-0.14936808
0.21498965
-0.6820059
0.55171275
0.24963582
-0.59209615
-0.015941126
0.14747742
-0.58087325
-0.30508927
-0.537755
-0.6321367
0.2600899
0.013938783
-0.13951841
-0.7204683
0.060317937
-0.58572894
0.17764406
-0.64723164
-0.33793268
0.3947365
-0.14370632
0.29250166
0.28372636
0.47768405
-0.5720672
0.89071655
-0.8274358
-0.49608526
0.73170847
0.6603281
0.37651637
-0.6597279
-0.2112036
0.48641127
0.658145
-0.59059834
-0.0821201
-0.49316928
0.5216162
0.13964626
-0.109407954
0.04306653
-0.053070445
-0.0373001
-0.08711816
-0.5629275
0.1920675
0.11365115
0.116531335
0.5721715
0.13979903
1.2472639
0.10276523
-0.031830836
0.057161696
-0.2190688
0.86417294
-0.8400565
-0.3412399
0.8328429
-0.01943699
-0.86623174
0.8373816
-0.021157386
-0.030397374
-0.28884915
-0.02842589
0.2127652
0.31386498
0.20491557
-0.42943794
0.3068134
-0.16725057
-0.2578103
-0.5320701
0.6267816
0.5259923
-0.08912101
-0.08294555
0.26869354
0.7511869
0.49130222
0.5906063
-0.045064554
-0.108755104
-0.12266601
-0.5677941
-0.56245494
0.22737649
-0.12576176
0.1656216
-0.15221086
-0.4636107
0.11778011
0.4256653
-0.0055936244
-0.27571142
-0.7815726
-0.5767596
0.21174802
0.81638074
-0.13939343
-0.16959192
-0.40848505
-0.058308724
-0.05346472
0.14047061
0.46230012
-0.2889095
-0.27143192
-0.60802776
0.4054346
-0.022191694
-0.26451877
0.22387564
-0.5176362
-0.40586033
-0.71477264
-0.12048945
-0.73895866
0.85815394
0.35723737
0.76736516
-0.49333933
0.6741925
-0.17475235
0.015432576
0.39871642
-0.031455822
0.04659208
0.20636761
-0.6064256
-0.14129156
-0.1807335
0.43924323
0.6524139
-0.26791292
-0.43804497
0.6915229
-0.79937893
0.5666064
-0.020130642
-0.29408264
0.18713158
-0.65870875
-0.2750657
-0.5493578
0.22594355
0.6191261
0.2784807
0.015500929
0.26674765
0.58437127
0.049826574
0.04669002
0.0037144218
0.37385866
0.35501772
0.3347884
0.7938017
-0.017978223
-0.25942454
0.47091812
0.18190515
0.6468384
-0.04520979
-0.15451151
0.2044836
0.844454
0.76643306
-0.3972494
-0.5229201
-0.34476364
0.7214176
-0.25983214
-0.26201472
1.038061
0.5326273
0.22183383
-0.24116851
0.8496192
0.40172467
-0.14442116
-0.03650295
-0.13553834
-0.4828229
0.6136407
0.30776054
-0.6969475
0.09235353
-0.55251116
-0.25260803
0.336349
-0.109366395
0.107456364
-0.12542169
0.80393714
-0.41472337
0.09648821
0.26068
-0.27554134
0.34220305
-0.6580732
0.07114457
-0.7430412
0.13874808
0.12237893
-0.78087294
-0.2705703
-0.23158386
0.72168887
-0.23079376
-0.41035944
-0.15373708
0.0817215
-0.3838363
-0.3619827
-0.71433544
-0.9120562
0.4962787
0.45917588
-0.44377512
0.0631678
0.60041964
-0.117556944
0.078567974
-0.669261
-0.78991675
-0.2665014
0.22187667
0.0050742277
0.2836901
0.01675989
0.014842707
-0.48182008
0.8588455
0.419121
0.4046729
-0.37155685
-0.2630001
0.41095617
-0.175004
0.02786544
-0.11524278
0.4238337
0.8455459
0.41880193
0.38011575
-0.51693076
0.88716537
-0.050000086
-0.84441465
0.88875693
0.40174568
-0.329791
0.9979568
0.25775966
-0.69082564
0.5447101
-0.5498549
0.6942004
-0.20266026
0.6582105
-0.22978757
-0.27798447
0.15184568
0.044767622
1.12501
-0.20510697
0.284048
-0.1674326
0.539589
0.5164125
0.42515495
-0.18443434
-0.824757
0.70943177
-0.1734737
-0.67721087
0.27687404
0.74680793
-0.33720282
-0.017710045
-0.38190943
0.42102554
-0.6472304
0.0071102744
-0.29480478
0.21337613
0.65120363
-0.0813042
0.06138017
-0.52240926
0.752685
-0.15211573
0.7762987
-0.41977623
-0.092909776
-0.09732976
-1.1718885
-0.5003178
0.0859569
0.035989113
-0.53820944
-0.27368012
0.25883806
0.9928031
0.12945081
-0.09804369
-0.37068227
0.20646192
-1.0460609
-0.06519344
-0.2167846
0.03992467
0.141715
-0.1114814
0.47509924
-0.14399767
-0.6288064
-0.6076437
-0.17644021
0.74551356
-0.22446178
0.303049
-0.5146045
-0.6761907
0.24003208
-0.031266324
0.4997615
0.19337009
-0.752862
-0.022359591
0.3807681
-0.6972787
0.8090871
0.5274017
-0.066195175
-0.49081317
0.46494755
0.790926
0.6856858
0.10494973
0.6516692
0.24922644
0.08014163
-0.19171153
0.11107349
-0.5176139
0.3355938
0.7459753
-0.4020921
-1.2507529
0.44956177
0.048469648
-0.1854193
0.15871775
-0.27362552
-0.62476516
0.6589117
0.10244827
0.6308276
0.25943476
0.6461353
0.26353714
-0.19625045
0.3343354
0.33286378
-0.30506542
-0.39310357
-0.2435293
-0.15779187
-0.07686369
0.33883747
-0.44187406
0.95998377
0.44206676
-0.6133368
-0.9169598
0.06441085
0.037755415
0.07811776
-0.7368586
-0.037887197
-0.44026783
-0.5280691
0.7849316
-0.048735905
0.62082446
-0.5404942
-0.6492719
-0.46989384
0.8374952
0.69785887
-0.39767835
-0.5235462
0.74809635
-1.2379427
0.19645865
-0.81231666
-0.3376752
0.062193807
0.8948627
0.45009044
-0.13311659
-0.074911125
-0.073536806
0.6305113
0.16533463
-0.43702555
0.7949278
-0.2676535
1.409994
-0.7052341
0.09917726
0.6103655
0.15862013
-1.0704964
0.7072949
0.17576414
0.23399633
-0.23846228
0.0691726
-0.64799553
-0.30557987
0.4115256
-0.21428175
-0.5659363
-0.31603852
0.9718413
0.63994336
0.14347214
0.4108684
-0.011069521
-0.42682236
-0.8969938
0.91067195
0.30109546
0.15072802
0.4263775
1.0153118
-0.45075187
0.41524607
0.5575288
0.23927373
-0.20105992
0.90435314
0.13692701
0.53727454
-0.27636036
-0.32387772
0.11857052
0.1701502
0.47937065
0.5786859
0.18651494
-0.47395787
-0.30157763
-6.7022693E-4
0.6212816
0.1528583
0.057607956
-0.1457036
0.6993442
-0.6951783
0.30677462
-1.1098145
-0.382243
-0.1290116
0.850492
-0.90209174
-0.3600749
-0.057110652
-0.007714938
-0.33202147
-0.28811413
-0.42559674
0.92419255
-0.83320296
0.035690557
0.28766674
-0.5160156
0.35468516
0.27920118
-0.28428555
-0.094880305
-0.7278195
0.802174
-0.54892755
-0.4061801
0.27762717
0.4057983
0.058715317
-0.66690373
-0.16598333
0.05798961
-0.32586634
-0.027566493
0.11761865
0.78829855
-0.5136743
-0.95929724
0.03759452
-0.78026146
-0.09430022
-0.6971201
0.42116153
-0.47918305
0.35831702
-0.3289384
-0.6421788
-0.5901545
0.576504
0.08948889
0.11621381
-0.16351636
-0.16473703
0.5314784
-1.082766
0.069319084
-0.3810942
0.20096162
-0.6475513
0.6003025
-0.8552492
0.3231827
0.5620786
-0.69087297
0.6030128
-0.24865167
0.35915533
0.14852059
-0.43333995
0.16636728
-0.6923228
0.47077012
-0.3938661
-0.17001
0.47070488
0.14401965
-0.7581617
0.1503283
0.47722512
-0.8979977
0.697387
-1.3489325
-0.03813912
0.6641473
-0.14720418
0.3791397
-0.28059226
-0.15998372
-0.27901796
-0.14084052
-0.22185315
-0.65409124
0.48499614
-0.3344167
0.3161271
0.4542779
-0.14696467
0.46503627
0.516476
-0.79255474
0.5290692
-0.02319665
0.32793206
-0.42369166
0.035361502
0.22236715
0.1313642
-0.35862193
-0.07306038
-0.16338392
0.86833453
0.3136798
0.5584016
-0.35965732
-0.2723253
0.64602345
0.35285145
-0.777966
0.24435028
-0.5846372
0.19938318
-0.8448043
0.41530782
-0.5235567
-0.04965758
0.5209694
-0.20190334
0.51023775
0.5321561
0.45966464
-0.28115115
-0.68218815
-0.2699231
0.57020324
-0.40778756
0.043918107
-0.7149284
0.38419348
-0.30198324
-0.36580503
0.4506692
0.3236087
-0.20160995
-0.20862176
0.36319405
-0.45473257
0.6867824
-0.06482631
-0.37429598
-0.27136645
0.16635184
0.21000232
0.09238833
-0.03228805
-0.079775386
-0.29445255
-0.24342848
-0.29924133
-0.47561532
-0.80438745
0.15916243
-0.7223072
-0.83405626
0.64309484
0.55415606
-0.1511257
0.5304381
0.26271728
-0.6397209
0.41256076
-0.18154427
0.26159063
-0.81458354
-0.49394256
-0.15455681
-1.0558113
-0.19184643
-0.19132768
-0.39083853
0.1307737
0.55748147
-0.5190194
0.053953893
-0.010624293
0.799128
0.15395732
0.79583925
-0.6430654
0.30940786
0.4283536
-0.30229184
-0.009220461
-0.4198152
-0.5907001
0.3781518
0.35228318
0.20995946
-0.30606565
0.4151694
-0.22739126
-0.22946343
0.631319
-0.31286022
-0.07873759
-0.6644768
0.4803935
-0.1365958
-0.25151348
-0.36965322
-0.26332465
0.17851217
0.08261542
-0.12057768
0.63552433
-0.6086528
-0.056039296
-0.089327194
0.04130694
-0.5321728
0.46020335
0.21440123
0.23483905
0.3726754
-0.8048147
0.61051977
-0.3688406
0.54873997
-0.72213
0.27651647
-0.3151622
-0.79763544
0.24345993
0.19496085
0.49485725
0.12830047
-0.6490216
0.732879
0.6340321
0.6371079
-0.73012906
0.6848901
-0.29128754
0.24958104
-0.6380028
-0.016968615
-0.1904381
0.53631073
-0.038411103
0.46826825
-0.43837684
0.78540254
-0.3673014
-0.8731292
-0.9126703
-0.366972
-0.123572074
-0.48420003
0.01754957
0.21707994
0.3271583
0.10765769
-0.5934882
0.40664002
-0.83197105
-0.16828705
0.80315953
-0.99362385
-0.6768261
0.577432
0.35126972
-0.32105836
-0.4718856
-0.13034926
0.8365833
0.6712885
-0.6326047
-0.19574644
0.05855478
-0.72253364
0.061656527
0.05983509
0.42893144
-0.15478958
-0.15402526
-0.68543625
0.03227349
-0.32541734
0.15441355
-0.8689167
0.014745214
-0.07856376
0.76292104
0.70348173
-0.5158292
0.43430576
0.5693368
-0.33448264
-0.68356586
-0.9333092
-0.37102747
-0.0010715853
0.5212362
-0.27015093
0.5856957
-0.3445545
-0.19933432
-0.35126135
-0.5048698
0.4382438
-1.0727066
0.77357256
-0.19968116
0.32797194
0.26620364
0.81075454
-0.44896933
0.5941249
0.6064969
0.53266674
-0.11953637
0.15207012
-0.6467568
-0.24093369
0.38389042
-0.56693065
0.54752165
-0.44007802
0.62886196
0.028283326
0.33709013
-0.22565873
0.799149
-0.27932858
-0.48109636
0.75143486
0.13770859
-0.4626499
-1.305399
0.7481822
-0.3252023
-0.0502673
-0.29167876
-0.96622086
0.40185478
-0.5391532
0.10379397
0.71762407
-0.23639019
0.35957944
-0.92573917
0.087729976
-0.16702096
0.33539048
-0.20255834
-0.2770888
-0.44268274
-0.4848618
-0.69757354
-0.20837517
-0.3679042
0.7679084
0.79412955
0.5219602
-0.26871544
0.4911117
-0.46005782
0.5711918
-0.43816614
-0.06532499
0.27394494
0.48595315
0.67137384
-0.9638088
0.2645347
-0.3584283
-0.45342904
-0.6395345
0.20623794
-0.0494909
-0.65256804
0.35875225
-0.2034037
0.17541373
-0.8342867
0.13288926
0.35228086
0.42699462
-0.81095994
-0.5097769
-0.15659256
0.2660267
-0.82550603
-0.34734696
0.30305848
-0.29020834
-0.18067275
0.89013445
-0.46721375
-0.38688895
-0.5030622
0.4269512
0.1482777
-0.6131794
0.18805094
0.26812693
0.39287835
0.32648116
-0.27542123
0.6298776
0.19660969
-0.28550544
0.15483592
0.17803232
-0.59155524
0.7878181
-0.5172524
0.047556777
0.14700389
-0.2959889
-0.18472406
0.44763505
0.7450488
-0.5809402
0.58974653
-0.36480004
0.80891675
-0.58576447
0.43158865
0.47983816
-0.17202573
0.22734357
-0.39871183
0.20777968
0.08675318
0.6576422
-0.6024641
0.3390319
-0.40944746
-0.5031445
-0.6443004
-0.77056605
0.08657105
0.014827085
0.051825326
-0.19174576
-0.5026155
0.41913962
-0.469879
-0.4594302
0.12430236
-0.70830446
0.4950659
0.5840124
-0.31321067
-0.5141739
-0.081434615
0.3273075
0.4606122
0.2169194
-0.5773435
0.23232125
-0.5338546
0.13599524
0.015431347
-0.11572703
0.28322
0.57423663
0.02600457
-0.5773739
-0.29294243
-0.09616074
0.59137017
-0.8916212
0.28485295
0.32077926
-0.41187352
-0.20660388
0.2111231
0.06510898
-0.7263116
0.13622646
0.14698994
-0.32699618
-0.18048005
-1.0815675
0.26065204
-0.8705347
-0.7248392
-0.26804826
0.7103502
-0.5044273
-0.16424622
-0.44579244
0.20346406
-0.002191865
-0.0817455
0.21580382
-0.021808578
-0.11295659
0.73781985
0.46602085
0.55504405
0.65951824
0.31404004
0.17556834
-0.007447909
0.7235124
0.046780314
-0.2143488
0.36123455
-0.5203792
1.0508068
-0.073222674
0.045018546
0.4639074
-0.17444693
0.16009296
-0.15099747
0.42922765
-0.014288756
-0.19595297
0.15818179
0.052037515
-0.1666004
0.25065348
-0.4364046
0.77138156
0.03124499
0.12848017
-0.92773414
-0.3304436
0.40031338
-0.1828774
-0.17196605
0.69565535
-0.49230525
0.019793916
0.041082926
-0.24279773
0.74301946
0.07038236
-0.6702079
0.55399835
-0.3170232
-0.99139667
0.0039758915
0.05004282
-0.37433225
0.7059041
-0.26617253
0.16521174
-0.54784036
-0.476314
0.15325046
-0.04173145
0.2227481
-0.27732497
0.71450466
0.006348457
-0.4716659
-1.0887891
0.0987681
0.57881874
-0.60621166
-0.49057874
-0.60089755
0.99929035
-0.15909961
0.23867492
-0.7618666
0.33264998
0.14523421
0.63941735
-0.008425433
0.29937774
0.92713606
0.37566805
0.5436622
0.5065893
-0.21298344
-0.48826143
0.12993
-0.6764019
-0.11691812
0.43444437
0.058968913
-0.22453366
-0.27692205
0.88589346
-0.3896254
0.14351961
-0.30981576
0.5510053
-0.27119526
-0.51498675
-0.12743902
0.26297867
-1.0050267
0.5409205
0.92735195
-0.91692954
0.3195923
-0.87181646
0.34935072
0.05533414
0.4303437
0.12853603
0.26896158
0.6865817
0.5571007
-0.2367217
0.67226094
0.004587884
-0.5610467
-0.26957506
0.2753007
0.29214215
-0.0044448497
0.6817704
-0.103138894
-0.04974267
-0.77869076
-0.3299109
0.25315356
0.5314877
0.12263293
-0.39049786
1.226996
0.033436377
-0.03533852
0.28590485
-0.43967706
0.1650784
0.32783335
-0.97040415
-0.47513476
-1.0123652
-0.26596856
-0.58922535
-0.18274108
-0.29249355
-0.6295503
-0.44754097
0.5908421
1.0392351
-0.22772884
0.95824486
-1.0093639
0.6240194
-0.44102997
0.43351755
-0.17082343
-0.45367977
-0.594496
0.5497197
-0.57566756
-0.004637819
-0.13744697
0.88538
0.050487846
0.42339054
0.64484394
-0.7400322
-0.09571774
0.24596736
0.49059203
0.18665083
0.6363862
-1.049659
0.316233
-0.5225804
0.123567015
-0.36444092
0.18115824
0.9769217
-0.7683833
-0.03851765
0.5613131
0.41384467
0.56587005
-0.11330886
-0.82193184
-0.057458244
-0.80938536
0.59759814
0.6534663
-0.022591963
0.8128478
-0.63938737
-0.034985553
0.41392842
-0.47792703
0.7302338
-0.405287
0.03803357
0.15582608
0.5442911
-0.69710153
0.44827378
0.59387887
-0.09404017
0.17481203
0.2959638
0.10169239
0.03933564
-0.32946846
-0.763255
0.38867185
0.3736089
0.03402225
0.20582052
0.07250112
-0.3444775
0.5400168
-0.060872957
0.25414282
-0.14712632
0.95119745
0.3443431
0.0015446277
0.07459477
0.24136034
-0.17845292
0.20482999
-1.0399656
-0.19902796
0.033936385
-0.471844
-0.25231457
-0.027554067
-0.38210177
0.512641
-0.38813356
0.4026186
-0.006259589
0.16108687
0.12995979
-0.60768336
-0.28007564
-0.5917336
0.60006994
0.38604057
-0.41931325
-0.27428743
-0.10941071
0.5950084
0.48547402
0.42669937
-0.9029196
0.33829272
-0.119808145
-0.20854597
0.23184316
-0.18139413
0.6279044
-0.77035046
-0.095943354
0.5300197
-0.33993062
-0.17933452
0.17114396
0.5545111
0.51477337
0.09806963
-0.32818905
0.49981678
0.0396271
0.3643666
0.07334788
0.0047399886
-0.6447906
-0.0074833664
-0.55176485
-1.0685561
-0.5361642
-0.6990313
0.76224124
-0.64100343
-0.11494077
-0.28016362
-0.6061673
-0.04352727
0.2645216
0.37972358
-1.0537385
-0.41663343
0.384847
-0.7501628
0.43484408
0.11306793
0.35248286
-0.6244898
-0.10746841
0.73952025
-0.5459721
-0.5005327
0.08549095
-0.57918686
1.1611477
0.27259374
-0.25603348
0.6503294
-1.0548232
0.6248707
-0.41538993
0.33815736
-0.868793
0.20470405
0.5292509
-0.9771622
-0.4316996
-0.9710717
-0.48033625
0.49684256
-0.20132604
0.04348066
0.13099253
0.6948757
-0.19698675
0.9245828
-0.48834047
0.5681452
0.5086498
-0.42876256
-0.97826874
0.53301305
-0.2569999
0.26123992
-0.21486993
0.25881016
-0.28742665
-1.1158537
-0.5697099
-0.23739268
0.5351465
-0.6258859
0.8493079
0.22977391
-0.87092316
0.57507145
-0.49368948
0.3764381
-0.5365036
0.22866039
0.1066347
0.43154296
-0.5652587
-0.028304737
0.17018478
-0.42227128
0.21105798
0.12758501
-0.3220066
-0.5565199
0.61225325
-0.40099043
-0.4399154
-0.25222707
0.6801582
0.7549073
0.46203667
0.1490514
-0.07794516
-0.55396724
-0.49029648
0.7692312
0.18611391
-0.5982504
0.4899572
-0.07235669
-0.8764516
0.27539307
-0.044133108
0.72474194
0.0884499
-0.44098124
0.85833555
-0.859177
0.22993742
0.025166823
-0.52471143
0.10873805
-0.76748127
-0.48486787
0.019417917
-2.727439E-4
0.5279315
0.22956306
-0.7767996
-0.23225622
0.6171765
-0.5815571
0.5932178
-1.0544075
-0.30266035
0.81081784
-0.048892315
1.0480323
-0.26197904
0.7309297
-0.65238744
0.13594534
0.7433029
-0.009492154
0.25323808
0.6774856
-0.2630646
0.7163398
-0.9202525
0.54095006
-0.55547565
-1.0621713
0.564616
0.08817547
0.62538874
0.5146966
-0.44570395
0.8727911
-0.076247565
-0.44230255
0.832884
-0.34771132
0.4191417
-0.090886496
-0.3201145
-0.75481415
0.25132614
-0.23057812
0.9258153
-0.43981627
0.22471331
0.60015666
0.66194344
0.30907044
0.34342167
0.29280728
-0.124557614
0.17542394
0.70855916
0.84749633
-0.7305307
0.5055763
0.46508467
-0.98526275
0.0040660514
-0.49032027
0.8908633
-0.28494546
0.50272274
-0.7811145
0.55889595
-0.39709768
0.9661752
-0.56179076
0.2890614
0.5471105
-1.1414022
0.6891243
0.6785748
-0.3091878
-0.2112276
-0.0038162337
-0.10652444
0.7701617
-0.5337337
0.2617391
-0.32391664
0.2590993
-0.78914136
-0.3397664
-0.07057025
0.40456232
-0.52496845
0.71071273
-0.7807013
0.62554634
-0.36249375
-0.2822451
-0.27404732
-0.47521612
-0.20460893
0.25390777
-0.18071568
-0.006455101
0.1155467
-0.5426485
-0.31672117
0.6116724
-0.6518927
1.0935217
-0.2682135
-0.50421304
0.1918815
0.127106
-0.27723315
-0.57032037
-0.9957287
-0.91895616
-0.36597165
-0.33179063
0.8064488
0.08211543
-0.1618444
-0.9693844
0.46468818
-0.106651016
0.7251712
0.32556048
-0.14839901
0.36361766
-0.23779756
0.9070865
-0.608354
0.9971359
-0.45891744
-0.07601737
0.6589576
-0.561865
-1.072621
0.40264517
0.3738922
0.01585059
-0.29618514
0.28091797
-0.57875836
0.114294566
-0.016052091
-0.52957875
0.6675449
0.63198406
0.64019793
-0.5382585
0.7688147
-0.63164335
-0.5978255
0.12335079
0.4942562
-0.40836754
0.8032675
0.5721214
0.9173202
0.32446626
-0.1894749
0.41258955
-0.747232
0.0082146535
-0.69685936
0.21259099
-0.4083641
0.38327482
-0.23306271
0.8233412
-0.006774579
-0.56137466
-0.47477174
-0.22178851
0.11639182
-0.4072554
0.5251162
0.7854118
0.7820341
-0.0013333239
0.47480044
0.52313
-0.5348625
0.6255292
-0.50167805
0.5320483
-0.60528463
0.35608447
-0.10097183
-0.3001775
0.38702446
-0.45270637
-0.07046421
0.07252273
-0.71438974
-0.11217036
0.5765285
-0.47639328
0.28459805
-0.37324136
0.54717135
-0.96018416
-0.5257738
0.023671923
1.084236
0.92100805
-0.16243276
-0.24590552
0.1975862
0.116162434
-0.49652007
-0.26272824
0.08763967
-0.09535852
-0.33903074
0.7556428
-0.015270804
0.46783775
0.34754947
-0.32773662
0.21784268
-0.5511596
-0.085505344
-0.54706776
-0.10813637
0.22889303
0.88716316
0.3391359
-0.28393385
0.35423183
0.6174895
-0.4040946
-0.30989426
0.23789528
0.25706595
0.6373942
-0.29832777
0.7667611
-0.37223053
-0.42197448
-0.07108772
0.138704
-0.4322203
-0.24372065
-0.13837282
-0.49592376
-0.5801152
-0.6094388
0.3207718
-0.8187414
0.83584446
-0.7085396
0.48511755
-0.46102455
0.5196915
0.2886929
-0.5022729
-0.7009056
0.23310927
0.28343642
0.1818521
0.15128857
-0.68982714
0.5940716
-0.6503636
-0.035505146
0.5296385
0.28752473
-1.2242165
-0.5566527
0.55947095
0.44782054
0.94887024
0.3439994
-0.0690377
0.24740551
-0.7774845
-0.14571403
-0.027040264
-0.348289
-0.09660574
0.30719426
-0.9619123
-0.11054927
-0.1989674
-0.2596985
0.19528322
0.07707568
0.13189821
-0.8104453
-0.33663446
0.14682856
0.8614134
0.43126407
0.2883816
0.4905277
-0.37497076
0.5480846
-0.13989617
1.0130308
-0.81025803
-0.19868389
-0.059527036
0.022174578
-0.48135257
0.09033288
0.77330035
-0.47033983
0.7101646
-0.15288466
0.4889021
0.07586834
-0.0705599
0.653761
0.13254125
-0.43248147
-0.14989363
0.5945622
0.34464732
-0.0442694
-0.06513605
0.14376844
0.46440828
-0.038346395
-0.0012027794
0.08626323
0.61563766
-0.50484914
0.27342594
0.0065727243
-0.62889796
0.13604766
0.21458764
-0.5460441
-0.5253493
0.31671935
-0.36814582
-0.45745325
0.3547229
-0.09310486
-0.4299447
0.30410442
0.23005822
-0.20666285
-0.27203378
-0.19981821
0.3660731
0.030806774
0.4542077
-0.5654667
0.6234379
0.3339923
-0.7394117
0.774519
-0.12539634
-0.5195435
0.6975378
-0.49563596
-0.7886596
0.2420612
-0.46552682
-0.017256893
-0.6408255
-0.22400588
-0.7522848
0.80291396
0.26386684
-0.017044753
-0.49638835
-0.50347346
0.2183636
-0.36245862
0.5034379
-0.29273307
0.14264007
0.8292987
0.02641762
0.35480508
-0.6462542
-0.60480195
0.29254696
-0.5066359
-0.31587848
-0.24119848
0.66364765
0.23117177
-0.21164843
-0.17274514
-0.7367181
0.6877823
-0.23538113
0.63417023
0.21969268
-0.2734569
0.23998646
0.36864635
0.10772393
0.6034307
-0.18476513
-0.3279516
0.23312655
0.61838025
-0.4477217
-0.4121283
-0.08302672
0.77233833
0.56205577
-0.9659095
0.64252025
0.5950367
-0.14143251
-0.73801017
0.8555144
0.39210242
0.6224966
-0.55263144
-0.56276023
0.06979558
0.62448585
-0.69992703
-0.29328257
0.36346087
0.24550702
-0.46830824
0.79746795
0.15706657
-0.70201105
-0.07466354
0.716901
0.20924035
0.40044472
-0.4396183
0.6872094
0.02152655
-0.21057852
0.25524148
0.4058677
0.053141497
-0.24800587
-0.08461682
-0.57449305
0.8711274
-0.31267554
0.2224113
0.79161376
-0.992092
1.0116565
-0.114603445
-0.23441207
-0.52721745
